54
1
0 0 420
1
352 936 1000
2
3 0 6
-3 0 6
2
0 0 1000
999 40 1
2
-998 -40 1000
1 0 1
2
-999 -40 1000
0 0 1
2
-3 4 5
3 -4 5
3
-12 -16 25
3 4 7
15 -8 17
3
-12 -16 25
0 -2 12
15 -8 17
3
0 0 1000
-500 0 500
500 0 500
5
0 0 69
70 0 69
-70 0 69
0 70 69
0 -70 69
97
0 0 666
960 960 40
960 -960 40
-960 -960 40
-960 960 40
960 880 40
960 800 40
960 720 40
960 640 40
960 560 40
960 480 40
960 400 40
960 320 40
960 240 40
960 160 40
960 80 40
960 0 40
960 -80 40
960 -160 40
960 -240 40
960 -320 40
960 -400 40
960 -480 40
960 -560 40
960 -640 40
960 -720 40
960 -800 40
960 -880 40
880 -960 40
800 -960 40
720 -960 40
640 -960 40
560 -960 40
480 -960 40
400 -960 40
320 -960 40
240 -960 40
160 -960 40
80 -960 40
0 -960 40
-80 -960 40
-160 -960 40
-240 -960 40
-320 -960 40
-400 -960 40
-480 -960 40
-560 -960 40
-640 -960 40
-720 -960 40
-800 -960 40
-880 -960 40
-960 -880 40
-960 -800 40
-960 -720 40
-960 -640 40
-960 -560 40
-960 -480 40
-960 -400 40
-960 -320 40
-960 -240 40
-960 -160 40
-960 -80 40
-960 0 40
-960 80 40
-960 160 40
-960 240 40
-960 320 40
-960 400 40
-960 480 40
-960 560 40
-960 640 40
-960 720 40
-960 800 40
-960 880 40
-880 960 40
-800 960 40
-720 960 40
-640 960 40
-560 960 40
-480 960 40
-400 960 40
-320 960 40
-240 960 40
-160 960 40
-80 960 40
0 960 40
80 960 40
160 960 40
240 960 40
320 960 40
400 960 40
480 960 40
560 960 40
640 960 40
720 960 40
800 960 40
880 960 40
100
0 0 101
0 1 100
-1 1 99
-1 0 98
0 0 97
0 1 96
-1 1 95
-1 0 94
0 0 93
0 1 92
-1 1 91
-1 0 90
0 0 89
0 1 88
-1 1 87
-1 0 86
0 0 85
0 1 84
-1 1 83
-1 0 82
0 0 81
0 1 80
-1 1 79
-1 0 78
0 0 77
0 1 76
-1 1 75
-1 0 74
0 0 73
0 1 72
-1 1 71
-1 0 70
0 0 69
0 1 68
-1 1 67
-1 0 66
0 0 65
0 1 64
-1 1 63
-1 0 62
0 0 61
0 1 60
-1 1 59
-1 0 58
0 0 57
0 1 56
-1 1 55
-1 0 54
0 0 53
0 1 52
-1 1 51
-1 0 50
0 0 49
0 1 48
-1 1 47
-1 0 46
0 0 45
0 1 44
-1 1 43
-1 0 42
0 0 41
0 1 40
-1 1 39
-1 0 38
0 0 37
0 1 36
-1 1 35
-1 0 34
0 0 33
0 1 32
-1 1 31
-1 0 30
0 0 29
0 1 28
-1 1 27
-1 0 26
0 0 25
0 1 24
-1 1 23
-1 0 22
0 0 21
0 1 20
-1 1 19
-1 0 18
0 0 17
0 1 16
-1 1 15
-1 0 14
0 0 13
0 1 12
-1 1 11
-1 0 10
0 0 9
0 1 8
-1 1 7
-1 0 6
0 0 5
0 1 4
-1 1 3
-1 0 2
100
0 0 1000
0 1 999
-1 1 998
-1 0 997
0 0 996
0 1 995
-1 1 994
-1 0 993
0 0 992
0 1 991
-1 1 990
-1 0 989
0 0 988
0 1 987
-1 1 986
-1 0 985
0 0 984
0 1 983
-1 1 982
-1 0 981
0 0 980
0 1 979
-1 1 978
-1 0 977
0 0 976
0 1 975
-1 1 974
-1 0 973
0 0 972
0 1 971
-1 1 970
-1 0 969
0 0 968
0 1 967
-1 1 966
-1 0 965
0 0 964
0 1 963
-1 1 962
-1 0 961
0 0 960
0 1 959
-1 1 958
-1 0 957
0 0 956
0 1 955
-1 1 954
-1 0 953
0 0 952
0 1 951
-1 1 950
-1 0 949
0 0 948
0 1 947
-1 1 946
-1 0 945
0 0 944
0 1 943
-1 1 942
-1 0 941
0 0 940
0 1 939
-1 1 938
-1 0 937
0 0 936
0 1 935
-1 1 934
-1 0 933
0 0 932
0 1 931
-1 1 930
-1 0 929
0 0 928
0 1 927
-1 1 926
-1 0 925
0 0 924
0 1 923
-1 1 922
-1 0 921
0 0 920
0 1 919
-1 1 918
-1 0 917
0 0 916
0 1 915
-1 1 914
-1 0 913
0 0 912
0 1 911
-1 1 910
-1 0 909
0 0 908
0 1 907
-1 1 906
-1 0 905
0 0 904
0 1 903
-1 1 902
-1 0 901
100
960 -582 1000
-280 -845 1000
-932 213 1000
-553 998 1000
976 -902 1000
536 -124 1000
-2 -805 1000
711 437 1000
918 355 1000
-324 -965 1000
-452 370 1000
-825 431 1000
264 -871 1000
-522 -500 1000
-477 -574 1000
636 -901 1000
-719 -656 1000
86 -522 1000
522 613 1000
452 -555 1000
637 317 1000
774 147 1000
-5 424 1000
-53 -561 1000
-810 588 1000
-617 560 1000
63 -590 1000
419 84 1000
-422 -295 1000
-988 569 1000
-193 803 1000
-888 131 1000
-773 891 1000
440 -422 1000
155 184 1000
-602 -628 1000
-30 -152 1000
737 -213 1000
-162 -539 1000
-8 -720 1000
545 395 1000
-923 -388 1000
75 -647 1000
791 -125 1000
621 -866 1000
191 -380 1000
722 182 1000
323 -411 1000
73 -161 1000
-215 -376 1000
-378 -205 1000
444 381 1000
-415 -610 1000
-890 -431 1000
-187 25 1000
-690 230 1000
-774 -386 1000
-308 -843 1000
-645 679 1000
834 361 1000
426 54 1000
285 -32 1000
432 11 1000
217 621 1000
-425 795 1000
-386 631 1000
-807 -942 1000
900 -80 1000
588 809 1000
-363 -731 1000
-299 541 1000
208 -19 1000
345 -10 1000
907 410 1000
13 932 1000
103 -536 1000
90 714 1000
666 608 1000
147 143 1000
-369 0 1000
472 -376 1000
179 835 1000
-304 -963 1000
780 412 1000
-840 -105 1000
-520 924 1000
169 -796 1000
42 578 1000
121 -179 1000
-898 542 1000
146 982 1000
321 435 1000
-179 -988 1000
107 -974 1000
824 755 1000
-549 538 1000
341 731 1000
-891 686 1000
-707 -4 1000
-583 -444 1000
53
-99 -593 606
685 149 962
335 -435 440
592 -217 829
494 485 331
-894 -296 889
311 920 642
813 590 789
39 -201 385
906 908 957
856 183 723
-262 552 60
718 344 714
-930 -905 445
478 250 57
838 -636 714
24 -527 972
-813 -121 318
308 -123 243
-19 -489 805
-941 907 98
826 -453 769
-558 367 46
454 -588 213
665 951 54
856 172 125
763 -289 305
-893 -443 298
306 -625 481
-217 920 836
457 -3 646
258 -825 890
110 178 408
548 -879 636
665 -133 78
36 482 919
-480 -304 683
145 -406 635
240 -232 287
-594 -31 190
-472 871 508
-752 -276 149
510 235 293
-225 85 922
355 296 97
-913 -156 194
-298 -451 283
-854 553 952
-206 -34 519
-813 879 479
-328 -703 284
913 -236 356
177 -967 284
71
851 524 207
-91 -751 562
-837 -607 865
-828 353 185
998 850 242
123 333 594
381 -378 367
-485 -496 226
361 787 259
-980 -506 58
100 -259 901
537 330 10
-209 337 967
272 372 713
787 245 415
932 216 326
-25 -193 680
315 -723 617
34 995 105
456 -107 261
-122 917 866
552 -504 315
-23 705 321
71 372 43
22 836 477
633 92 160
-350 -637 156
539 500 440
815 -543 736
580 -859 831
207 -139 79
402 -228 480
-773 110 382
943 342 232
767 -818 238
-285 605 648
-679 761 809
-800 -95 45
597 -308 635
-313 300 787
-417 -464 549
-904 -602 40
414 -408 805
-42 563 328
-719 -290 792
362 728 444
-665 -739 720
-363 -246 882
355 -733 37
64 583 275
404 947 643
720 -682 386
-510 567 39
-200 507 370
821 593 909
-538 263 795
-639 -739 993
-147 936 533
-257 307 729
742 395 859
-712 115 420
-29 -194 570
-628 -283 218
533 -163 906
-570 -668 506
-243 231 14
-556 29 352
17 -300 762
-992 334 63
803 -899 214
-944 295 257
100
422 -654 514
767 576 727
5 362 259
169 -228 932
-175 -651 743
-570 -353 698
-682 693 837
139 195 518
-639 -123 657
922 370 716
-516 -243 123
248 -425 488
305 269 271
-763 527 577
576 -841 700
603 -485 840
-374 213 711
-839 -521 676
148 503 821
-48 -485 141
569 406 989
620 -520 912
-971 846 544
538 -907 431
37 -222 470
869 -491 583
11 511 558
541 209 171
-106 -782 520
-390 -848 184
779 -166 369
-963 -464 373
-54 785 937
984 215 726
-919 -751 456
-181 -42 718
865 487 123
-192 916 34
581 -25 783
-904 -100 622
89 -326 184
-286 811 186
-182 609 482
-403 781 483
-591 -705 54
-227 60 147
770 442 615
-50 238 840
88 -679 897
578 -251 249
-135 -515 933
769 -92 794
896 -766 977
762 -75 655
-315 495 205
-337 829 444
304 474 591
-700 -740 98
-372 756 132
-454 -789 11
-934 -129 576
495 -76 375
85 -670 594
-360 510 99
623 -173 214
-342 -945 244
303 -43 122
901 -306 769
383 38 574
-921 24 396
-849 262 518
-920 446 195
-652 -991 763
509 -381 491
463 -919 926
144 -217 66
188 639 598
-112 -57 106
-733 -589 118
-632 -470 488
248 202 591
478 -356 524
-268 -320 89
-618 953 485
245 612 995
905 -806 542
936 -767 590
521 593 860
-684 165 11
130 -406 341
-122 -863 701
-667 782 251
-913 879 278
-551 271 824
457 366 14
989 799 56
-522 -948 443
-894 342 967
-898 202 126
496 -622 887
100
601 -529 526
-656 241 291
-263 -3 671
-174 495 937
759 792 190
-221 841 564
-622 229 843
-380 -149 31
-440 169 376
567 -686 729
104 159 877
669 -482 300
132 -728 779
680 22 425
120 907 253
226 -418 138
-100 -719 912
-769 842 224
388 349 781
-462 -87 267
556 774 980
-853 667 485
283 572 749
22 24 48
173 -747 725
793 691 408
-672 -26 287
-676 622 791
981 -951 29
853 475 593
-562 459 440
-673 -423 941
370 184 775
-976 -527 227
-265 -669 404
-569 -877 716
423 -58 845
908 -790 775
-188 563 5
394 -411 967
756 396 130
850 -121 293
413 420 184
104 422 329
-781 102 266
830 -318 100
-21 314 828
-788 -740 756
670 -896 259
623 466 698
46 988 152
971 -78 454
-447 767 143
153 379 223
969 77 263
-439 -624 630
-295 31 609
-218 791 867
-740 560 227
346 -954 852
617 -742 809
517 268 808
-51 -444 700
719 319 103
-87 -891 972
-269 -881 626
511 948 171
2 -27 793
-538 284 667
13 -321 977
562 995 327
-54 492 318
594 -840 904
20 -691 825
-427 863 843
253 -589 906
804 -759 520
573 -985 241
427 403 555
-231 883 136
96 962 729
379 -365 615
-218 200 426
-838 392 560
-874 -907 153
885 432 981
401 533 521
-648 -480 72
-583 870 478
-823 -771 20
-40 -287 909
-447 -230 644
264 496 49
-809 -962 134
363 619 277
523 -600 273
-158 377 673
-127 -691 321
-18 -958 927
231 81 675
100
-718 -778 846
-747 939 967
-799 18 54
-423 -74 703
368 -825 133
35 -457 42
351 470 755
-799 -260 907
-475 448 481
906 -317 364
-410 -95 725
-79 44 498
-39 328 21
-127 -602 588
157 -307 686
-203 162 101
253 989 212
-588 446 653
-522 -773 268
625 939 660
-858 694 66
766 -719 920
-108 -710 569
-948 54 42
604 583 258
702 999 489
99 780 240
-87 877 526
76 -609 123
38 -186 22
-301 -469 124
121 -77 454
-111 361 985
869 802 547
-711 619 302
-110 -58 632
-632 121 829
943 -369 491
356 -985 835
885 1 753
438 974 337
170 -488 649
-135 46 895
699 351 286
-444 427 811
222 138 981
34 -627 858
-869 -57 761
-152 -47 821
835 427 713
-342 577 471
938 -696 540
119 254 350
-722 995 466
503 -110 979
711 998 386
-910 83 583
673 27 675
18 807 304
476 998 284
-63 -587 61
675 892 821
-315 624 870
868 -84 407
699 118 631
474 476 75
-561 -366 674
262 185 763
681 -835 349
766 -314 713
828 773 110
-816 81 742
-59 -211 316
-777 -147 756
-913 548 621
-833 -213 424
-283 -734 536
-95 123 693
653 -649 370
-675 977 873
191 292 40
-907 625 502
107 -835 340
100 413 93
-239 307 744
-741 736 887
45 -304 440
864 -335 528
77 931 670
182 -143 170
803 945 194
611 -978 781
371 769 508
205 901 953
-221 -716 289
224 137 497
613 734 102
-713 -211 433
-528 -508 535
-1 -52 564
100
61 247 368
389 -618 296
-925 874 674
298 -63 369
-450 -364 390
-973 617 946
-301 -328 283
-103 448 907
-504 -399 776
618 208 728
-390 -143 992
-903 965 312
357 -413 544
-679 -703 433
-666 -559 40
247 -627 411
211 811 939
-567 465 570
-13 -178 138
-601 743 73
723 725 34
522 868 553
-169 209 290
-876 -980 686
-666 -547 923
776 -797 207
726 309 90
-315 -178 792
-948 609 496
982 -23 11
443 -895 705
814 -100 817
-476 899 850
-223 -867 19
-217 210 402
-917 -501 555
653 -967 810
-807 855 893
472 909 692
590 -900 333
-608 554 269
-494 -143 811
416 -597 570
-650 727 266
861 842 371
425 971 821
738 373 326
-702 -428 433
-541 403 244
-627 596 352
-969 29 463
-955 943 152
-64 -315 670
-552 737 171
-219 -755 572
-97 991 722
866 817 990
655 42 746
660 582 347
490 102 656
692 580 770
562 771 292
178 667 515
67 -163 973
688 -160 1000
983 461 190
442 115 419
574 -835 689
-343 547 38
-841 609 274
-880 144 789
-57 -215 816
-354 824 886
-355 -888 26
-499 -933 570
354 -538 996
-364 -986 340
-700 -497 645
408 542 451
-739 -756 901
-423 -206 694
-121 595 268
633 951 698
-87 63 209
676 391 480
989 -81 566
397 863 963
897 316 255
216 -28 74
-614 -512 767
-659 -238 610
-337 -391 38
697 883 704
-817 -741 799
706 721 234
485 121 843
827 548 669
723 -945 999
-149 918 607
-110 109 528
100
799 359 260
116 -154 341
-71 -312 305
-562 -760 16
-683 -225 348
-661 798 616
-306 581 470
347 530 297
-779 767 518
621 -127 767
-50 428 355
353 -439 313
-245 330 709
753 -829 115
314 -885 839
-846 -324 265
599 845 794
57 757 661
877 -326 27
397 -815 7
670 -937 522
486 -409 274
238 135 274
212 -448 533
789 463 758
595 822 826
296 -855 145
-491 222 256
-220 -410 862
389 -303 479
739 936 588
-658 939 188
226 308 714
6 -470 154
36 -761 685
489 -955 35
-445 784 493
564 835 106
-614 998 425
-541 727 253
-493 164 719
-175 -138 645
-415 232 881
-39 -305 130
212 238 118
-567 -250 360
494 497 386
-147 -645 834
737 545 906
865 538 532
-357 310 786
-367 802 911
-932 135 11
-460 -625 741
114 0 519
-192 -332 953
-192 780 640
-71 291 935
277 -719 814
0 -129 95
928 952 822
303 71 852
373 -863 204
378 -704 359
-484 -775 722
-79 931 494
279 809 973
-284 799 59
523 918 172
886 -258 523
-313 924 663
-929 939 916
-78 698 329
-121 254 701
-197 679 578
-334 715 723
256 -398 725
-557 -672 216
-878 191 903
-276 -578 683
-578 107 50
346 180 422
744 522 922
218 -878 978
604 -230 792
974 -79 847
927 -659 221
57 -376 559
-893 -266 818
-772 519 420
-188 -677 186
-70 -254 494
-558 672 274
-816 28 50
-84 886 125
254 674 967
-189 -123 465
-633 -519 275
-624 809 436
263 -668 349
100
297 178 334
299 -450 295
417 444 109
-407 104 699
-168 -510 881
806 41 826
854 -209 58
195 228 994
-561 -519 356
-83 -65 823
-637 829 427
-530 353 173
15 -784 855
279 -467 449
732 -265 184
795 490 358
748 206 966
889 520 730
341 810 129
-396 210 962
-684 510 167
-197 498 772
-115 -484 292
81 982 463
621 355 357
758 830 276
244 252 954
451 -692 399
-175 288 835
713 880 926
-879 -565 383
-85 782 269
-137 -668 750
0 -119 420
517 848 301
343 -568 749
-62 26 308
-343 -311 296
-310 -461 756
-676 -567 625
-927 174 233
-601 -81 240
886 -416 952
939 26 974
-584 578 965
-243 -370 16
-491 280 583
-577 -103 117
10 -899 855
777 -642 730
328 329 957
-627 845 526
845 -101 85
-503 -443 515
141 -62 718
-152 674 143
-736 -767 603
-437 -154 631
-605 531 456
941 505 419
691 248 948
-630 200 28
-222 -120 602
342 208 247
-790 406 33
-819 -729 611
390 39 621
303 -86 558
117 -686 524
135 -568 130
293 689 901
-491 -206 933
-699 317 336
273 518 439
-36 339 756
-591 -817 137
-41 657 704
334 -211 935
113 286 844
-166 -628 44
56 911 690
-452 613 604
-965 336 455
-587 -882 199
421 644 495
144 -881 700
701 -556 445
597 -915 266
695 -462 961
-548 124 118
693 -28 641
-42 131 824
15 402 40
64 -105 335
504 392 936
50 -363 894
-933 194 834
417 -822 67
-188 -710 568
-811 552 274
100
27 -669 758
220 267 150
-317 176 177
-665 788 538
-156 -661 148
357 -868 161
294 675 626
771 977 290
759 401 268
439 -993 482
-437 -74 835
547 -767 399
197 895 792
641 -377 860
537 867 682
-552 -481 434
-647 361 984
831 -805 61
404 733 108
-414 862 52
-955 849 562
-910 516 550
-826 -937 619
505 -866 200
106 -358 147
-52 814 885
652 160 6
-640 351 240
615 677 333
651 562 445
-261 812 106
71 -351 62
606 456 205
-559 -13 887
399 913 243
30 829 683
773 974 473
882 556 882
638 920 334
831 -859 909
-253 -810 380
891 -498 453
-689 885 823
283 776 922
148 -146 743
-996 -418 685
-155 618 906
-305 865 706
294 277 469
435 201 825
-871 350 97
-575 -87 24
-593 673 834
-85 -415 2
464 362 192
-512 972 658
-148 430 336
-205 -773 72
519 -157 192
-711 -230 287
196 -217 375
-140 58 1000
-87 -232 599
-377 -277 925
789 973 79
815 819 433
-853 -766 8
475 -718 974
481 -317 148
559 243 533
-833 899 612
858 53 239
-150 -984 406
795 -77 860
-785 711 437
-204 948 976
702 -504 35
-386 -791 828
256 -592 531
-622 -842 547
-744 -786 635
-452 -458 836
984 -47 357
-780 -543 388
807 -454 6
413 717 759
-34 -365 502
-192 743 951
559 -931 485
44 -248 518
-566 795 873
244 -492 983
215 -729 723
450 -388 742
155 -892 867
-495 786 708
-456 562 983
666 80 496
-553 -334 52
161 529 517
100
-73 -747 232
12 -475 927
868 959 425
-971 -813 219
961 536 109
-568 17 571
656 205 321
-873 688 230
-670 -127 935
739 -732 884
832 -941 825
-479 -872 641
-732 -634 676
989 -55 858
903 922 223
-79 160 898
-969 566 418
-912 -320 105
43 249 488
855 -760 413
528 356 28
-415 -608 313
-483 43 582
-694 458 646
141 69 486
-791 -536 347
-109 626 130
25 826 965
248 961 33
-10 -449 912
-454 -22 154
195 897 77
969 -140 226
299 -684 451
-591 487 799
-117 788 77
500 -199 516
-807 295 126
-158 108 438
-955 791 304
166 -794 791
84 51 481
-898 335 625
545 -355 601
386 -439 693
-949 334 903
-761 -862 889
911 314 775
526 144 1000
445 -151 67
407 624 98
397 -849 799
-607 299 427
-145 -512 535
-567 427 763
-697 594 422
-967 -591 787
876 393 860
31 596 185
477 -905 774
-56 -42 952
-740 -997 733
-518 -414 271
476 988 281
47 -39 469
22 -460 709
-138 -188 140
124 -276 98
-459 875 304
739 731 129
57 160 313
794 -326 194
-877 467 192
-95 175 465
164 972 414
-977 -178 62
430 327 34
-882 247 911
651 226 432
790 -99 870
114 -381 438
719 749 193
-390 705 545
-451 375 585
-361 544 548
-347 107 11
492 -198 387
481 708 101
849 981 422
-166 -249 316
861 550 299
907 143 3
-416 -781 618
994 -708 531
940 680 23
474 857 655
-660 1 437
750 -52 323
-786 700 211
-892 329 461
100
-693 657 654
962 433 592
742 -961 438
26 -886 944
-831 1000 85
-339 -551 85
504 -665 803
-75 -559 797
123 -475 231
656 -114 806
-821 -607 959
967 28 284
34 -365 440
650 272 688
866 -693 967
914 405 368
311 -21 764
159 -322 832
741 -367 883
-929 -705 141
154 -34 412
-808 80 928
516 628 803
-369 -214 814
293 106 113
208 522 854
32 -658 573
639 597 241
785 272 55
370 -253 598
-44 905 544
339 987 738
-542 514 848
-143 822 264
-924 -461 448
399 -576 165
518 695 234
301 -66 196
-874 259 798
-661 721 496
26 -189 535
-955 -274 88
545 -707 411
-998 -199 662
568 -592 225
23 880 988
-831 -660 18
-877 -848 526
-529 -607 728
25 183 292
-822 224 271
21 720 626
-505 -670 72
877 642 188
790 -850 704
638 -637 341
371 454 106
202 -446 914
-217 535 614
-167 -221 52
695 -294 494
516 191 493
570 220 631
-804 -754 518
743 -351 291
-910 195 555
-711 620 172
-674 838 622
95 301 228
549 186 39
321 81 626
-870 640 941
-773 -5 400
118 422 969
-269 -615 440
-818 -319 214
-693 507 645
-114 -299 416
99 -974 260
-97 166 290
-269 166 986
-454 -422 802
-697 -469 554
402 -375 626
-355 -770 263
-891 640 179
-918 -973 627
-588 155 643
99 -230 625
881 348 835
-252 -718 613
-596 731 812
-959 -741 103
-295 204 146
198 -118 373
-89 258 555
331 173 859
-772 935 102
921 -390 853
-817 -778 903
100
-972 945 807
147 599 693
-299 -150 76
741 151 359
496 204 669
-479 259 933
-7 196 233
433 -827 848
-179 -19 465
322 -495 24
820 110 859
-698 -819 61
-353 497 503
224 461 885
-341 -705 81
-163 -252 767
-736 -352 764
914 -879 514
581 140 145
-245 -579 76
-30 75 746
852 555 653
-7 -720 703
-38 229 468
-935 -883 229
122 516 705
-204 395 364
980 -502 71
-261 -741 428
238 529 685
-537 -69 193
458 -667 212
-149 -402 517
-22 124 216
-342 406 510
935 -713 691
285 -347 545
-985 699 600
74 -703 291
-780 -123 546
-858 678 864
-318 452 881
-161 -158 66
786 619 445
415 990 850
85 -940 211
-945 768 992
533 82 390
101 612 515
870 811 420
-541 -766 31
358 -726 653
33 256 201
293 922 300
893 594 72
991 373 170
700 -842 412
322 388 431
93 -857 258
-170 -961 742
990 -574 34
-239 575 613
-707 -356 562
105 826 896
-715 167 988
276 -775 748
566 286 206
-428 -388 356
111 843 626
720 -543 903
605 -25 514
12 -457 486
-864 655 103
39 504 191
112 615 830
-179 317 181
-701 -922 65
-469 478 695
-95 174 858
766 563 507
-816 -807 169
243 -55 749
543 908 103
-306 725 865
-662 520 378
31 -148 805
-490 -559 164
520 751 840
986 -309 361
237 -929 143
948 -476 90
-732 126 538
679 -303 208
-904 -169 336
327 197 332
-575 719 504
969 -784 936
-973 -910 558
-639 -260 142
871 98 38
100
-127 -945 226
502 -994 972
-852 -400 817
959 -65 201
447 268 929
763 392 493
886 -404 905
-115 -471 649
386 186 471
9 257 941
441 -872 948
404 205 169
768 -147 801
377 477 307
-912 -808 383
903 -345 332
43 -748 1
288 781 178
218 623 678
-823 18 811
57 558 167
352 -807 430
180 -336 680
503 381 449
-130 208 948
-373 -995 715
724 -260 140
258 830 760
-462 189 844
-631 176 441
575 -649 580
-845 -527 901
-997 -161 902
202 -924 692
444 937 949
-646 -748 463
539 982 922
766 -94 64
883 -872 441
415 -393 245
944 -750 223
-987 854 49
611 -119 569
337 757 278
139 31 344
-233 -358 279
820 -184 2
768 886 194
973 -43 553
-820 -203 1000
-959 53 675
-137 979 335
136 -836 547
493 430 16
456 -913 280
175 449 622
532 151 208
60 -835 219
669 685 206
-876 -353 772
-908 933 380
720 -742 834
935 -815 35
-799 -221 78
670 -679 970
-316 556 851
-924 676 426
-793 364 675
-315 -126 639
869 960 747
-861 -207 952
-719 385 366
-448 106 415
-748 21 927
-910 198 671
385 169 220
978 -44 121
-149 973 936
513 -728 476
7 -961 696
-843 397 680
-436 775 563
223 -975 718
907 -250 335
95 -443 616
570 -456 240
550 89 310
-712 375 758
916 -405 626
784 -569 122
411 -871 590
-967 540 384
-318 -266 261
-866 460 405
-911 125 744
-932 -957 867
26 310 978
817 508 478
-896 473 299
-978 250 3
100
348 -123 508
-283 -236 563
-401 -875 644
102 -957 743
81 -325 193
121 509 451
-269 -726 887
451 -13 712
-755 820 512
717 471 55
-483 -110 569
558 -59 681
-291 -852 977
-583 948 656
-597 807 405
-704 0 224
-82 880 506
489 949 882
195 -514 103
-953 -581 444
169 -237 228
-72 -594 237
-626 101 151
350 -523 423
-255 416 130
511 137 173
490 -716 877
183 -814 507
403 764 418
166 823 903
-316 131 301
-953 392 409
-816 -996 299
283 -664 875
37 993 304
71 445 981
-154 -879 962
33 795 184
-870 -700 16
815 352 230
171 945 962
845 -880 587
-848 388 630
840 -948 337
589 -993 167
986 -440 145
-82 -799 649
721 -305 478
47 627 886
909 61 267
879 -899 141
600 -170 92
968 747 259
987 670 513
446 -450 502
-910 -217 910
772 -264 128
107 -508 702
682 -614 136
153 -523 831
669 77 798
-132 189 123
750 -535 452
942 -971 730
-667 -859 170
-543 -681 928
978 191 897
188 -505 666
758 -170 431
-301 711 652
-577 59 636
-96 -395 713
-903 320 522
-120 317 614
136 -227 517
-211 -22 925
570 939 559
-289 -586 315
-301 990 417
-88 693 37
426 -923 7
719 968 599
20 828 254
-107 712 58
-152 326 404
795 -111 232
403 599 310
967 -942 921
598 508 10
-613 405 582
-890 -687 907
371 -789 29
292 -971 194
298 -507 295
484 -565 987
231 -107 10
-432 11 869
883 -523 221
917 799 377
-668 -570 516
100
-705 -128 90
281 292 170
192 267 288
291 148 847
547 241 37
-777 770 844
811 922 948
-916 -205 384
-775 424 293
372 -972 243
418 -997 23
-867 -684 185
-903 -138 842
925 448 281
-279 -695 357
-230 762 362
-4 247 361
869 110 552
-454 557 837
618 -436 4
-408 357 532
-622 770 566
899 -236 340
-311 406 176
476 -651 921
254 306 949
-491 653 935
763 853 460
-969 706 271
20 -141 735
-450 -11 669
751 -313 502
-288 664 600
-842 -695 231
-852 -908 967
194 687 738
-634 195 510
984 84 242
-409 -694 134
-286 -872 462
777 571 573
-575 379 739
110 -262 712
730 421 13
694 568 874
-537 280 878
49 104 630
-579 -258 353
406 259 879
-915 -999 340
-77 -48 636
-68 804 82
571 880 867
-645 -319 308
685 280 742
-8 -70 268
-341 510 633
-829 798 275
-930 14 588
164 788 742
-44 -250 676
-899 387 938
656 475 402
818 -526 901
272 989 549
559 912 685
-507 157 823
93 968 527
755 762 522
746 -844 163
-880 -169 839
-383 371 667
391 967 635
-302 798 465
-624 947 271
293 881 590
-603 -257 667
-674 826 185
-20 -521 877
-60 -496 562
829 944 249
285 -502 239
-610 116 794
-453 -462 896
70 -478 986
945 173 156
647 -839 541
-380 -145 278
-33 -567 532
-260 -351 651
-478 719 45
395 370 330
-892 704 24
-358 -668 105
-160 -700 99
210 253 436
715 -803 876
-407 868 537
718 853 169
377 217 745
100
-521 184 828
35 811 356
-32 -287 731
-339 865 852
-742 -280 643
-66 896 719
184 430 809
-799 -525 784
220 568 626
947 -455 463
-900 94 447
-82 -696 154
191 -139 685
-560 -383 911
80 342 209
572 688 58
-676 769 726
426 229 889
-956 -124 222
918 380 761
-402 -975 72
-793 -867 603
-106 -688 823
875 423 276
-823 971 97
643 -529 72
395 -59 948
484 811 751
782 124 915
256 435 703
-147 358 300
804 -150 70
649 -151 432
376 337 521
-846 360 503
-855 254 212
-342 -62 377
14 425 459
908 -750 570
16 -701 791
991 -831 715
-342 127 779
536 776 222
-420 -899 971
603 -391 326
399 -658 455
-873 -413 174
135 -788 996
623 941 986
676 662 120
61 -551 411
-603 81 489
601 940 359
650 -228 5
-662 -795 886
-852 -48 522
467 -731 56
103 877 244
255 -583 265
822 148 458
-63 -490 741
613 -292 747
-940 960 666
309 783 600
339 -999 883
-69 -370 197
-226 838 821
304 -560 567
-544 257 313
-274 841 935
-927 -519 21
344 -326 543
-235 -180 128
-116 103 754
-708 -683 920
69 -173 179
-74 955 535
-122 -205 402
-642 -690 708
-181 209 866
24 -146 34
-231 -705 980
-968 -634 466
-738 50 634
360 -635 454
924 -721 7
978 -540 165
561 872 655
74 -370 91
-874 724 385
-280 -623 886
-479 275 162
608 911 253
-936 655 753
771 529 560
-259 338 996
-898 -972 872
-696 -116 100
-124 803 627
779 -285 522
100
-268 477 623
960 451 153
134 604 335
-211 -740 595
490 994 95
-510 -468 63
277 222 64
836 -811 390
-726 115 902
579 806 782
259 861 424
392 -5 351
564 751 59
97 -886 530
998 -890 37
537 492 329
923 412 617
-745 -49 963
736 -847 81
818 411 166
-617 727 861
-659 422 722
717 -925 608
-108 -518 41
-491 -548 161
-203 -749 582
-836 80 409
727 -910 846
672 -361 595
-763 -337 787
21 109 36
428 -49 792
714 167 918
-319 724 355
-510 869 508
38 11 360
994 988 404
-462 604 159
-283 383 378
828 -664 438
-255 15 45
664 -345 174
-891 -236 558
-167 954 544
495 -17 584
-77 -400 342
182 211 842
571 91 721
-643 -153 500
-593 -535 383
-522 -1000 253
-683 -30 156
-59 -493 59
-880 179 723
-62 -995 793
431 434 78
-177 80 691
634 854 36
-338 -630 682
-545 197 369
871 616 641
151 424 470
748 784 348
996 -707 653
-727 -106 732
904 -385 35
-114 654 264
-417 -366 410
783 -278 114
215 -580 285
729 138 970
-635 -835 761
737 -785 482
-528 887 821
-724 -541 769
793 -838 81
9 -352 262
-538 922 618
797 718 876
241 940 110
-25 637 347
-648 118 478
-765 133 934
713 342 180
949 386 352
910 -430 946
-678 -252 847
515 -173 890
789 -30 856
-579 260 288
509 -428 295
-951 -672 986
-263 587 413
467 -815 808
-404 117 719
-567 -316 837
300 -566 331
964 -146 564
50 572 374
35 -632 125
100
-616 331 349
818 -845 654
-409 -173 764
124 -845 954
173 169 887
253 -925 33
-409 156 926
-659 -236 398
553 617 48
-607 -230 29
-541 844 256
-576 252 229
-668 -927 26
316 -73 779
-376 334 560
-531 -390 196
276 -818 497
677 -460 552
381 140 93
-278 -681 739
-72 -338 205
-966 -574 806
607 -218 683
-270 -472 886
-607 244 364
-122 -3 150
-601 568 473
-115 558 973
-131 846 216
588 -882 106
-192 436 114
-47 480 524
487 -844 682
-88 38 550
-256 393 189
-76 627 582
542 -847 417
31 -460 357
204 463 193
696 -208 19
398 -133 642
-780 -620 481
-444 582 672
511 517 304
-446 262 477
213 -504 772
-978 -118 911
-30 -828 462
646 -496 848
261 -483 555
91 891 167
889 37 972
20 -967 12
462 106 835
-336 -64 83
240 -427 735
681 581 185
-142 310 563
-109 122 487
-243 939 176
-191 -825 951
-274 -620 632
-212 328 194
484 64 332
-24 427 484
-669 511 200
477 -534 407
188 -468 927
380 642 484
944 467 325
837 -737 398
480 751 851
-737 -455 17
-583 731 906
-280 -159 826
-154 -454 566
235 -264 991
901 524 772
-507 875 94
302 229 23
886 544 732
709 -33 967
-445 -484 873
996 -781 689
-410 209 666
518 805 433
-81 -245 715
-931 -523 225
668 918 513
-456 -282 148
803 -549 564
-221 802 650
-577 911 492
-190 -273 444
270 -362 408
751 22 873
-12 -899 871
-533 97 152
23 -932 104
310 -14 699
100
918 -442 828
-640 305 973
-3 365 280
717 -701 259
-826 -572 912
-366 616 693
-892 105 768
-787 -143 528
-44 -881 502
263 298 287
469 -329 730
-197 -271 499
794 -460 982
311 44 431
185 -408 256
44 238 799
-62 -701 602
-577 -453 366
-708 -315 639
-625 818 466
27 -723 55
-9 268 140
-157 201 235
-64 -169 920
616 967 683
236 560 329
389 861 640
-59 450 255
-713 -36 728
159 546 771
-445 -986 515
584 -991 805
-945 -909 805
-852 -979 705
-547 -854 91
701 144 47
-62 -215 12
454 -428 70
564 -511 760
574 -494 132
627 131 108
110 511 216
-266 180 70
-383 109 974
853 107 405
-821 -852 584
905 -874 318
187 -590 49
113 429 210
550 -582 252
-553 -587 346
147 -657 964
389 991 415
-889 690 816
-953 -365 34
-838 -978 645
-751 752 304
63 -294 283
-405 259 200
-435 -682 794
-106 224 563
-227 686 717
-413 377 12
-509 572 250
-284 -718 322
-824 856 157
556 11 133
-286 141 738
-30 -787 440
-317 -459 544
-267 -672 261
-26 -408 197
779 -938 263
478 -852 237
-610 -841 967
-970 -159 27
-651 -341 866
725 671 910
-468 -977 721
404 -29 395
-903 589 101
-412 -999 217
625 359 432
623 600 940
465 -120 510
784 638 963
-876 -696 468
-192 335 85
172 -347 343
-748 -313 814
148 -50 537
446 337 205
493 131 794
341 9 713
843 429 175
-353 -277 453
-119 509 473
274 477 941
58 711 104
-280 396 178
100
-938 -485 345
-945 -382 536
-875 -721 267
28 972 135
117 -815 897
-487 499 617
678 -110 905
125 634 512
985 -611 27
592 318 787
290 880 588
549 837 641
-50 762 703
-769 -830 799
-855 448 823
962 -593 454
-300 -787 455
-255 -465 914
-939 -839 358
967 -600 76
-890 31 4
453 699 102
750 -26 194
307 669 205
77 -683 820
856 412 595
-483 313 937
-546 28 930
-914 622 741
-445 -470 797
-445 132 632
-963 -211 905
512 894 41
-80 434 121
-67 617 839
-207 995 334
797 950 95
-480 -884 976
2 101 920
226 -538 527
-432 653 635
-410 -472 206
390 -461 659
941 76 880
-193 -556 867
-282 321 604
-86 -289 849
-296 -753 989
-423 -299 511
215 745 905
-494 -51 2
-316 -368 599
911 553 514
800 -174 966
-351 671 661
314 -64 822
-529 -156 322
-676 656 945
-758 -912 452
-814 -15 749
-151 982 385
429 -733 569
-473 -347 915
416 -849 372
293 -32 655
-424 -268 375
-527 -188 731
-764 -549 95
-693 764 821
622 -770 534
938 -392 951
669 145 252
212 805 991
303 992 145
299 103 130
-445 738 91
293 -222 982
438 -708 786
-846 -485 586
-495 -737 615
10 372 553
-370 781 179
-600 -540 694
-73 52 41
-241 -765 447
-669 882 116
5 -529 991
213 -33 708
-212 722 954
-378 -577 940
-350 257 934
-339 748 51
761 -68 754
836 -671 645
-991 374 235
83 444 767
923 -780 556
-81 571 16
-754 314 349
-53 980 645
100
-920 -849 487
344 -758 375
74 -696 491
-650 -54 53
34 -547 34
-740 -709 272
855 577 133
517 720 486
-875 -497 325
965 -601 407
804 627 511
755 965 654
505 689 897
-113 -341 476
170 -926 948
324 953 278
861 163 189
-885 -627 611
54 -202 860
430 -603 274
972 927 504
-438 -886 674
-793 696 378
27 590 991
626 -835 941
975 -50 165
-137 149 300
-775 134 141
607 -516 7
57 275 693
413 402 320
-409 459 188
-92 -537 577
-741 -139 831
-246 -141 367
-165 -691 68
157 369 897
557 -361 72
512 978 89
-451 764 182
-88 758 154
693 -521 918
702 -892 356
-302 312 879
-708 -653 188
-731 -406 617
70 -714 322
991 -267 986
-571 368 746
-123 735 960
-693 -741 135
769 -114 773
-72 -94 486
212 226 167
-462 945 844
-994 -853 397
-723 -475 436
-753 -794 397
667 283 460
646 901 92
396 68 57
804 -420 941
787 -564 576
595 -472 257
765 -461 407
110 -648 66
662 -882 528
677 -954 503
-907 714 79
-302 -947 989
765 -367 272
-179 -166 853
-869 925 642
-745 280 34
-900 190 173
-437 179 101
341 91 101
-587 830 766
289 -505 651
6 572 122
235 811 336
870 -296 77
-219 379 789
494 749 257
764 -780 394
180 -642 543
-657 -770 928
-951 168 257
755 -520 948
-982 798 882
557 -653 564
944 -451 390
-261 -45 136
923 -366 881
553 -911 577
-557 -556 631
-992 -304 348
769 -256 724
-735 87 794
-701 -683 455
100
316 -973 792
-651 765 538
-744 824 384
-349 -722 370
191 644 657
416 968 985
-595 -947 765
836 638 158
-546 -26 113
299 57 902
97 813 635
-553 925 577
932 668 748
-380 -806 639
-299 433 426
593 994 370
-64 -984 88
966 31 612
923 407 251
-950 458 752
-166 -63 329
-620 420 38
-434 -661 347
137 -529 576
942 614 599
580 963 312
854 88 871
15 370 914
-153 99 486
-205 -967 593
-634 -157 128
-347 977 971
-777 -566 225
-249 373 139
-916 292 332
-69 -514 166
-863 -226 323
80 318 86
153 -172 513
550 733 884
914 -909 731
-146 -927 453
224 652 495
166 -346 764
592 797 66
-7 735 130
906 907 801
-141 429 780
166 540 11
354 680 213
293 -259 23
-928 48 989
695 -969 679
286 -216 894
-871 -167 571
-781 204 741
10 -339 75
314 -153 68
-234 366 854
850 347 735
198 932 328
270 815 629
-389 -297 175
876 -866 702
-384 -740 973
-84 -530 734
425 -131 944
962 241 79
-138 512 436
-432 679 453
-151 -49 29
741 -373 372
761 -797 439
453 -198 544
-756 -531 153
-772 -468 781
-642 -590 854
-749 -688 42
-618 948 199
-633 -941 90
-274 -324 903
670 -981 116
-529 -385 578
-126 758 228
62 389 194
-85 583 982
882 -174 289
-165 195 979
-483 -516 15
334 674 577
692 -604 515
-445 49 192
-511 -301 765
-894 328 237
-250 -354 203
-288 -472 899
902 432 801
-715 580 540
-738 632 560
139 -914 440
100
745 -207 360
-788 849 337
-487 493 500
-996 -757 34
-710 -404 50
-653 433 867
667 399 311
-102 36 234
-27 -619 492
-215 -892 123
399 11 911
-551 898 337
719 -995 521
-476 707 877
-323 -702 143
-897 -264 938
-425 -414 133
-940 -155 707
-838 -650 153
347 679 724
750 929 336
-656 -309 660
594 621 81
57 -807 283
612 894 330
-682 159 555
-891 655 423
-35 23 79
-293 -373 752
-956 -916 771
894 -591 721
803 74 629
-85 415 74
127 -266 192
-354 553 699
-4 283 538
-252 746 935
-628 831 57
571 585 692
-406 -579 558
-255 851 80
475 746 777
112 -179 814
-949 506 133
-420 -474 725
746 798 557
-634 77 466
745 -342 322
-910 508 310
-238 -972 7
-629 95 902
435 -802 357
535 836 729
-97 965 736
-24 -856 764
82 -821 924
940 809 403
-907 154 580
-201 -12 312
-758 449 254
-236 -254 54
350 942 431
-381 -857 85
-492 982 370
-283 -790 704
-167 902 229
428 -870 13
169 398 255
668 -586 851
649 612 583
-275 -140 828
-493 -268 942
-254 -296 549
-587 326 105
-474 -919 160
-400 -276 466
-719 7 405
459 -494 135
756 -769 391
-780 320 808
780 155 32
508 966 128
712 482 373
562 455 514
239 863 598
203 -486 746
42 -683 720
-294 82 5
-950 689 605
-844 961 68
-757 -968 418
287 -641 891
-689 -738 376
880 -609 771
-99 -293 42
467 440 356
-654 -937 900
-376 818 484
-967 -236 160
-128 -708 470
100
873 -434 289
-307 488 304
45 667 555
206 449 588
-899 235 345
254 -34 445
-841 -713 705
-749 35 20
-475 -637 839
711 112 208
-845 42 634
532 675 712
-103 658 638
798 79 512
-123 -914 329
850 134 78
782 602 428
-943 864 198
699 473 793
152 287 884
842 163 306
53 457 920
-768 757 1000
-823 -655 444
-315 217 409
-148 -574 132
-973 -76 955
-730 886 150
256 -923 300
-644 -24 81
-282 -913 734
479 208 323
771 717 941
-692 -170 249
-935 -885 29
-672 605 206
-827 -332 142
-534 -519 378
-366 611 700
-805 -23 446
-724 640 583
-217 704 268
590 190 696
502 271 327
-729 195 957
-392 -661 100
466 -623 760
-741 -142 55
925 -3 718
-28 11 335
-19 545 363
747 695 420
474 112 623
-293 273 810
-383 848 679
763 -508 491
504 -352 974
250 -63 29
-977 923 44
476 -804 477
843 133 594
841 -73 872
591 801 851
-452 -330 994
-126 307 172
521 -942 189
-119 -726 471
-292 -447 264
-38 -681 658
345 -246 5
501 229 38
-997 -678 749
1 241 735
41 523 150
218 -684 899
-396 456 552
17 5 297
106 -601 569
675 157 51
307 -461 527
927 27 352
855 577 305
-356 -814 571
133 52 338
-192 -185 655
483 504 303
88 682 451
306 180 29
943 781 986
-260 71 907
-363 -190 553
-635 -190 139
-114 189 619
3 316 349
-625 -641 996
-124 293 271
-44 430 954
668 709 305
-900 -727 891
-615 -18 172
100
-290 -594 87
-767 172 848
780 51 738
507 88 381
-573 -778 750
49 -307 291
-518 947 345
-655 -571 231
-48 968 711
-183 232 505
937 -240 337
849 855 627
-991 480 295
-496 266 874
390 977 107
-580 -959 193
451 -3 248
-841 979 44
-729 -24 711
579 112 446
948 541 354
806 139 394
770 7 958
-902 -246 918
-923 266 411
-777 -170 748
281 -932 997
169 -843 525
413 776 329
-942 -482 832
-629 403 959
465 677 352
-578 256 986
979 850 224
-922 2 997
687 -371 985
-197 48 13
-920 233 798
-156 -189 101
-770 -717 33
241 -376 905
829 952 178
-149 612 604
622 598 998
-571 904 199
-181 63 835
166 799 217
-183 -276 253
-596 -94 661
-239 487 651
793 -517 760
-594 -951 809
77 -288 32
-219 750 501
-884 352 464
62 -954 857
720 -475 574
-259 241 369
-546 -220 42
-849 592 905
-276 -734 359
139 -331 503
-303 263 622
-781 -3 463
121 942 431
580 -871 754
963 -176 691
219 350 23
-875 740 570
-65 209 107
-756 -225 307
-274 14 753
867 632 92
331 -753 110
492 -227 33
-799 222 382
677 -498 211
245 -477 202
534 -688 432
185 -695 450
657 -583 521
627 123 234
866 54 146
413 322 787
-594 309 715
-223 -190 88
452 -916 370
-510 -761 417
966 -961 24
-183 -66 736
179 444 6
168 982 751
-667 929 872
-14 -316 434
-109 688 500
-751 -924 518
574 -557 562
732 893 872
-534 -470 567
586 160 985
100
-256 272 969
-554 975 384
-185 459 351
480 619 795
323 11 580
-590 781 675
997 -822 211
823 622 581
398 -998 879
-161 -657 51
-997 -730 460
-459 582 429
387 943 562
995 150 843
-244 618 8
-434 136 769
161 -851 324
290 -232 880
372 -60 303
-936 -906 185
-435 -703 933
72 -803 437
443 -515 102
-526 864 114
949 -893 991
-789 -610 932
145 -81 461
-563 -241 216
-890 -891 223
15 346 136
-475 -720 711
-722 675 380
838 -424 893
418 640 686
534 -405 294
-144 -613 667
127 157 372
412 -915 252
-441 980 648
-171 -447 496
-875 470 959
994 -643 417
761 788 402
801 -396 368
-350 -746 946
-598 524 180
-341 88 799
485 906 948
756 197 33
684 278 80
-674 -217 917
-109 189 229
-167 -18 865
-544 755 636
-400 -744 965
990 -969 800
961 473 896
-581 528 569
-821 -869 374
985 -202 105
100 870 578
93 -36 988
-664 -767 988
255 -311 420
-186 696 682
164 -706 532
924 -130 82
-260 611 838
-661 744 810
999 977 812
-86 331 385
434 -851 411
-180 -357 136
470 508 209
-67 -728 820
804 897 74
910 900 14
691 -167 903
-889 -695 354
868 -406 227
-334 663 14
-965 -474 133
-103 -988 575
126 319 825
-244 -741 647
-693 -135 377
707 -233 528
-133 -940 971
701 -745 992
277 754 62
-706 764 97
95 -309 965
-333 -465 359
897 -416 802
280 -950 365
239 -134 420
691 -924 525
211 938 387
-546 584 313
998 951 423
100
-550 77 145
325 -417 961
549 -902 269
-660 333 826
-435 558 718
-714 875 590
682 952 960
-634 -971 908
-621 622 747
-497 -773 714
-859 -881 751
349 740 240
-178 538 190
638 -98 27
-79 850 138
874 -725 586
-434 -685 141
909 -125 449
-700 -204 571
750 731 632
701 -934 194
-722 201 583
891 526 948
-12 105 128
706 509 961
-106 -589 604
13 692 364
518 575 369
-817 488 481
-472 -223 338
333 -185 766
-491 -693 586
845 -343 876
-974 -218 454
416 318 86
-891 -249 248
-476 -768 356
-391 580 901
-178 167 889
-951 -498 164
-457 721 811
-505 -782 799
-921 284 344
595 -613 313
612 -556 613
73 -346 445
731 -378 568
936 424 683
-422 -349 149
-418 -8 854
-805 875 1
-947 -155 155
375 -733 514
-137 -150 359
539 -573 698
-322 485 151
-860 794 822
941 -258 208
-542 222 878
119 -953 392
-116 607 810
-862 -288 259
-116 -592 853
-883 135 12
-152 84 136
-896 -530 767
-508 905 529
835 272 586
371 -678 854
-182 545 50
-34 952 955
854 -235 925
281 541 275
-738 -550 68
563 -494 873
-505 -627 968
-602 29 176
948 203 408
-278 -526 343
531 209 344
233 -482 61
744 534 85
-408 -928 95
-383 758 87
-326 255 989
261 920 763
102 615 751
-841 -165 293
607 887 64
93 835 489
-161 -880 942
726 -174 322
-304 -983 797
-434 -914 234
-17 -898 898
-432 940 384
227 -48 890
502 -770 367
46 476 737
-882 -875 796
100
653 -830 888
124 313 383
831 -528 578
396 -895 955
-415 200 791
-465 -638 676
-840 -270 767
-410 844 289
441 892 314
-800 573 871
7 304 33
59 786 445
664 967 855
465 162 651
991 763 833
-740 -282 530
-479 197 383
234 -837 446
-386 -233 503
276 -678 535
135 937 357
324 -972 658
-823 585 745
-150 -733 110
487 -553 342
359 363 652
416 853 145
262 -362 458
845 99 772
42 301 700
-583 395 843
802 259 482
-34 142 463
157 646 683
-32 539 426
-639 -434 786
352 -189 554
-687 477 986
-214 -76 86
-525 680 618
-24 -164 159
973 -965 55
-494 -987 228
-153 142 967
334 -704 968
-863 -962 514
868 -904 899
-183 43 862
421 -660 290
-572 208 852
-574 -136 582
-670 393 807
63 -634 39
-791 -308 393
-281 -857 955
-472 355 399
-23 -504 103
664 -685 244
-824 -836 135
-110 356 30
-13 -962 99
-970 923 153
-920 938 563
-894 132 399
-274 379 983
-466 936 688
340 -147 447
-580 -934 295
645 -186 90
-69 904 716
382 889 850
566 162 205
-613 667 740
914 -143 435
923 -906 611
943 697 545
-797 766 932
516 -33 623
139 -671 296
-474 -783 448
-593 441 77
960 894 187
-315 -494 921
236 941 467
253 199 939
-483 -241 657
165 359 743
591 -526 104
526 858 654
972 -844 935
136 53 750
542 171 33
503 -235 515
794 -787 570
-353 468 84
-696 152 561
749 50 763
-263 -589 746
630 -987 638
763 -909 901
100
-528 -529 458
-818 -510 269
-616 -798 414
-274 -14 263
-803 -371 813
-271 -728 407
-860 204 635
-6 -650 591
981 149 687
526 -324 463
-377 868 812
-656 708 211
-359 -350 97
-717 772 700
399 -163 2
-994 -791 519
-566 -501 517
-779 624 918
-510 500 962
473 585 414
595 125 647
-735 368 913
-905 44 452
-741 529 102
965 -695 456
439 -903 859
155 -391 891
914 114 650
879 7 399
82 608 238
-933 249 610
-673 601 425
-726 489 173
-413 -927 497
-735 -556 583
581 -593 748
-868 507 204
-263 334 729
181 -383 334
743 702 862
-232 -219 685
798 -565 44
-925 608 157
-837 825 853
-812 -917 868
182 -404 86
-728 -536 999
761 -479 541
878 97 865
173 -458 580
-439 -786 72
-279 21 781
559 87 117
115 -952 581
107 446 476
283 718 161
960 -593 958
758 747 144
-41 -344 404
-799 -825 574
-580 404 40
334 928 584
-441 793 894
406 -167 213
-982 772 369
944 -639 116
480 988 656
476 948 872
592 -186 144
-584 -124 571
17 784 274
476 399 537
35 -668 242
626 684 220
643 -570 829
514 -385 568
468 515 169
141 312 651
-517 -32 379
951 -710 611
712 -143 811
-10 -398 638
21 -299 924
444 -186 392
287 -152 620
610 294 199
-284 551 162
957 442 422
630 -27 633
359 -800 85
-853 -242 146
326 -627 147
-609 716 401
299 622 323
-14 759 288
-817 -994 519
674 -894 608
146 -192 785
194 -950 734
790 -757 14
100
278 -922 578
193 -980 889
954 -671 929
-452 -821 804
644 854 385
-349 -898 729
-206 229 184
-387 -514 649
-875 968 629
517 -390 487
327 87 754
462 760 684
-300 681 399
170 854 610
639 341 947
-953 86 636
204 982 505
-310 -136 757
374 -102 194
-990 491 106
-540 519 284
-271 -68 542
660 -763 26
219 35 196
-79 603 982
951 503 668
-78 682 804
-130 4 259
-359 858 943
147 -523 494
69 -89 29
677 -99 884
-418 -542 704
10 910 688
-138 367 369
-577 617 547
412 -566 728
-360 -731 569
-880 -916 420
459 -586 420
872 987 763
-906 392 367
906 713 200
-639 909 212
-328 -728 9
61 924 443
-529 286 424
247 -718 342
-998 948 959
981 9 824
-894 -96 841
-67 -864 688
418 -259 229
849 608 719
-414 223 792
678 930 340
693 -275 252
973 635 294
-802 -570 900
-22 751 555
991 377 274
667 205 310
-509 572 65
367 40 484
-218 -342 373
-208 211 667
-900 -290 445
881 668 947
-464 474 946
542 -14 262
-841 398 803
479 645 37
-232 -73 440
-454 701 798
709 -991 762
-146 974 928
-608 -921 796
182 325 885
-393 -200 49
467 -501 303
831 998 251
130 223 942
898 773 289
832 -472 757
674 -714 886
62 0 356
-38 -135 303
72 547 664
748 -687 454
-703 -5 789
-582 -669 213
-116 801 781
991 -921 245
-870 977 549
-362 152 309
-91 624 402
113 -714 654
-645 -168 231
-722 -499 857
-142 262 831
100
-137 331 394
516 369 174
-137 102 529
-430 -676 343
922 -522 983
495 136 697
101 882 538
-326 -84 563
648 899 406
-370 -519 540
-501 152 752
-828 741 998
464 -653 336
-559 852 691
-438 -889 576
-58 -727 635
-761 760 205
967 428 217
-140 -448 92
-508 894 403
-223 665 737
157 87 159
-558 139 732
848 -628 676
-430 14 612
-641 510 439
-337 -265 805
810 262 76
-119 428 438
665 -138 880
-418 -930 674
806 -985 235
-536 -845 869
-171 -11 595
-695 127 68
-74 415 407
-716 -29 572
268 -396 220
-59 -973 254
9 -273 33
-659 -690 665
827 218 492
-554 -415 457
-169 -828 286
411 598 10
112 505 642
-449 -286 185
-702 -343 136
507 -606 4
99 -859 162
846 -988 571
855 -807 475
-885 520 184
-766 -18 221
950 -925 652
538 -49 964
494 566 331
504 358 904
-65 -734 943
432 356 132
989 -271 386
536 175 849
214 666 258
766 -233 420
737 -908 800
912 433 523
846 951 238
775 -824 57
872 -405 228
139 -563 618
880 676 945
82 3 207
-994 668 74
-94 307 209
530 153 466
359 -364 130
655 -899 894
-244 311 352
-758 -833 16
823 626 727
709 -168 560
-257 -109 923
-262 -344 879
-694 998 610
104 262 776
-982 881 14
-275 -267 905
364 887 642
267 58 710
-514 473 68
715 482 53
639 814 896
518 507 917
-878 -93 6
789 -261 63
538 -417 93
134 435 693
732 -666 801
-950 -351 611
383 -716 801
100
743 -708 682
149 652 143
-208 -222 647
-171 159 487
670 41 870
227 -183 255
-515 873 868
-821 814 127
776 583 735
2 664 472
505 276 785
13 -596 717
-148 120 813
-891 -564 409
979 -521 437
-607 857 149
-948 -472 180
354 78 195
-300 -291 735
304 992 225
75 -31 857
-303 -292 599
-975 -33 372
-812 229 209
-58 -421 59
964 -941 772
-925 103 291
567 241 386
-792 726 17
-653 -147 952
526 0 520
-591 -813 690
-144 -780 131
-362 -345 32
768 -205 740
111 -445 984
-193 -756 527
412 948 42
-165 634 542
-322 458 49
-176 -527 658
908 -536 959
857 546 793
405 416 149
-124 490 407
-480 916 414
-292 -155 545
419 639 384
453 -337 416
-588 21 755
937 -446 170
-238 258 965
238 365 23
313 -776 534
942 -832 367
706 640 406
162 -763 417
48 745 815
611 -353 556
-106 957 447
-61 684 224
539 -720 790
-486 775 977
615 190 625
894 226 802
-755 556 1
585 -853 757
-519 -948 195
-589 -151 66
397 -764 150
687 970 354
33 356 379
-759 944 250
572 -698 456
557 -962 418
-391 -28 643
969 -530 946
-939 -729 511
-299 520 166
-245 -832 151
565 240 945
870 765 776
818 -226 487
-85 -196 619
-960 939 894
764 644 403
70 70 371
-695 731 962
-136 -733 810
-361 -233 602
187 -632 221
-577 -289 377
258 412 613
-934 649 358
-39 78 386
-496 -762 954
-800 8 827
-609 704 189
-162 -294 28
917 255 581
100
393 -967 51
-430 15 520
260 -966 469
-777 925 91
-21 -464 499
-884 -524 960
300 398 394
136 -636 723
560 -567 306
369 -485 696
-867 -755 873
47 -254 85
384 331 386
-607 -34 334
278 -408 808
-781 26 533
712 728 880
909 -260 971
351 -400 44
-108 960 760
-990 -118 443
-534 -782 489
669 294 627
-885 817 427
-336 435 398
903 794 244
551 -803 446
194 -132 697
675 -397 523
-640 474 193
-332 846 151
-664 -938 299
750 -907 726
-204 482 266
877 446 459
-31 218 187
422 297 610
984 -625 531
-159 793 396
684 -396 386
-435 -290 346
548 396 510
499 453 29
138 -554 424
-825 -513 255
-454 50 570
-75 2 219
-278 669 105
479 866 307
379 -892 738
599 -728 437
440 685 453
322 -821 815
-984 475 426
120 833 760
-506 -255 9
790 353 790
-146 -567 692
-441 -593 218
442 85 586
564 -747 309
-945 -352 896
599 -589 809
862 271 521
-832 -644 494
552 -329 721
-695 -566 215
-593 330 8
992 -857 610
-188 720 116
338 820 116
204 -84 674
-466 252 976
213 -422 27
-724 -377 968
533 -848 58
87 811 797
-656 922 999
-366 -101 787
539 -236 331
329 -640 545
530 -509 348
-420 -899 539
-809 -571 149
-85 802 442
-58 782 318
-399 -218 458
-14 200 151
-60 95 48
507 -857 561
902 947 954
-536 164 320
-343 -748 758
938 -877 166
61 -297 894
-704 665 865
755 621 961
262 -853 801
-511 647 670
692 643 485
100
-257 185 264
297 491 423
278 990 598
668 -125 386
171 -45 319
895 666 100
531 -545 276
-723 501 895
-583 -252 960
-432 960 130
253 499 676
-983 -858 485
255 -880 799
-20 748 118
844 -792 714
-733 610 531
-547 -735 209
823 -182 836
-501 230 883
231 -875 874
275 -763 314
-444 110 609
204 47 977
900 -590 992
-414 604 337
-929 -766 521
947 44 282
-74 964 177
737 463 890
644 285 487
-938 34 147
-996 948 272
-9 518 55
-240 -400 73
26 -56 462
-733 -45 779
-477 -450 698
-206 607 990
-204 357 557
369 459 125
407 966 282
-399 -681 375
-97 -262 242
-913 160 717
685 -435 433
983 -306 762
-364 -549 621
-254 -182 845
366 -297 415
-532 475 109
73 659 929
663 -509 253
-56 265 230
-320 912 207
972 -523 628
-96 600 614
-226 243 691
123 512 354
-293 245 369
953 -405 708
953 -485 908
-309 701 37
-647 -844 155
939 -168 411
-636 624 715
-658 45 278
618 -296 745
649 -50 123
331 32 910
210 -134 3
789 -606 712
-322 -983 430
-848 716 930
811 -797 377
374 -599 794
392 -228 838
395 811 59
526 -633 541
460 -994 849
163 -636 845
-640 -73 329
32 -250 928
-344 -174 151
-592 369 461
-457 -353 354
-208 508 679
108 934 422
728 -623 926
-89 266 855
-76 -516 32
-279 985 671
-168 860 534
558 373 653
332 599 784
-586 147 938
263 271 587
17 -651 769
-631 449 561
504 -799 161
-79 920 541
100
378 772 256
-200 505 489
85 31 393
-139 -142 463
571 -707 225
907 878 524
141 -222 814
-296 372 493
246 340 1
233 507 828
933 -714 210
147 -169 136
-19 -178 378
763 -364 943
-271 -37 89
-660 120 548
512 -440 520
737 39 485
651 911 644
199 -427 68
-348 -269 473
872 -613 245
436 319 905
-542 485 900
-943 -738 431
-481 729 325
-246 -362 412
-450 -388 268
-414 506 620
332 -795 654
772 -254 804
-531 998 45
-792 947 82
257 -745 522
615 -376 980
563 797 860
287 -556 333
-394 104 934
110 -945 964
-839 -18 228
650 465 982
549 436 457
523 -760 395
30 -599 66
803 -728 623
-315 328 734
104 -250 348
-566 -709 688
-693 289 885
-414 509 613
-162 -4 490
567 -544 603
721 263 429
-892 -553 173
-19 -114 354
128 246 737
443 -556 383
-799 256 566
-804 462 436
-70 751 370
-252 933 825
486 -202 83
746 530 149
987 73 576
-689 -14 217
385 -808 892
-554 -473 676
935 104 977
-339 -946 257
-281 -810 208
673 684 895
-584 652 241
643 710 192
644 402 617
27 469 705
140 -210 950
-749 -160 202
-626 -112 466
-580 286 370
-806 -673 676
962 383 869
702 -180 171
861 770 828
937 597 280
-877 195 297
556 -694 733
12 3 14
-853 411 593
-117 941 329
-937 -216 472
-547 -584 654
-620 145 520
433 386 331
403 -738 33
750 522 552
-463 -342 464
776 876 321
-281 -73 553
407 -625 422
111 -520 114
100
-572 33 114
673 595 80
-67 357 971
-599 551 24
-8 -334 754
-96 975 633
-528 919 840
-916 -718 969
-421 -546 898
975 446 750
-697 152 793
255 964 541
-260 -39 236
-149 361 595
601 -241 693
-166 -358 143
-228 984 198
495 -649 920
461 -648 969
-683 -305 16
-250 -901 945
-854 -807 904
-54 589 616
260 -525 491
-394 924 366
-974 -503 46
-313 -481 409
-930 66 316
624 -831 886
186 407 607
-129 -488 741
9 -215 50
239 807 131
-791 908 474
570 -131 492
565 -633 923
47 -677 447
-620 352 171
-566 617 59
-628 -760 744
929 -272 960
-15 -931 879
56 -78 364
607 -9 302
-801 408 670
-241 848 650
-730 -204 34
-92 -173 508
555 607 970
647 -921 19
90 -653 247
183 -717 883
-929 821 627
-428 -927 560
979 978 812
-856 -90 583
956 -352 703
675 -947 398
437 248 397
-510 347 957
966 405 579
-126 -647 97
-621 93 942
521 562 774
262 561 33
-570 -396 801
985 804 134
-515 -826 776
-607 193 76
816 -161 645
999 -671 239
250 174 652
-226 -395 466
177 -369 193
-863 653 399
673 -388 243
-450 571 134
-409 32 42
-172 886 318
669 948 274
-78 -115 368
742 -642 890
-388 191 908
-515 -561 125
-118 730 739
603 -146 262
67 -793 519
376 913 528
-641 938 697
448 -904 172
-134 955 430
92 -246 809
487 -348 870
-933 978 754
549 736 605
589 960 338
-306 -683 983
-437 871 330
201 864 61
-580 -481 746
100
468 -201 30
-364 -456 497
257 691 223
-350 -490 820
888 326 180
-43 -446 943
-395 -615 678
-669 596 280
-676 -432 138
-570 676 128
398 -544 38
-427 -702 118
359 686 701
-688 -606 896
-962 -831 965
718 -689 162
-110 -987 549
-886 -137 501
-483 -334 36
323 535 938
-635 -376 225
131 -352 453
197 594 58
114 -713 675
538 -718 418
-267 313 848
142 -932 829
795 -435 329
545 420 25
-387 -284 672
-296 -830 310
666 614 70
101 -688 191
633 -496 573
-344 482 665
706 474 26
-187 -179 513
848 672 53
901 616 341
470 23 658
557 -353 20
-412 -159 752
-866 125 950
-185 67 244
-616 151 156
-555 -624 377
-602 637 69
-899 -659 679
42 92 900
308 -227 568
-194 -50 376
271 255 328
-318 -596 338
-175 -258 500
-782 -589 220
-823 -785 247
563 -51 858
-755 -597 806
-352 79 419
250 975 993
437 646 380
-228 77 568
158 -931 84
740 544 878
-996 424 804
-849 785 76
-337 -158 398
464 -897 988
-605 -245 365
-34 -818 488
940 -779 889
595 505 276
-606 326 554
677 93 302
544 304 281
918 -97 312
433 -55 314
870 -626 2
-879 19 255
556 -500 863
184 -827 870
-820 162 437
-670 189 111
-654 656 95
675 659 57
-565 776 326
85 -769 328
-448 250 33
115 460 59
705 -240 295
355 772 659
362 -509 204
-969 -626 827
-538 -572 30
615 132 971
-612 -754 168
753 -746 577
-348 677 313
854 -61 365
-600 -938 156
100
265 224 117
-250 399 884
767 701 812
954 -449 290
212 363 566
-830 -512 199
-880 -698 548
-432 422 54
592 -56 353
-787 371 71
344 615 345
650 -290 470
-165 -130 453
-572 809 254
407 105 724
-820 941 843
-794 -54 993
754 447 31
-506 16 938
506 233 54
-879 659 10
-81 355 193
713 753 897
1 672 95
460 -827 115
702 -408 317
-748 -103 423
62 -395 200
-516 -611 442
-673 -128 274
-150 242 8
-866 -86 998
76 -898 428
-556 -89 12
-825 -255 164
947 59 160
-403 997 469
-252 -434 581
455 -166 579
-517 71 753
449 -609 448
728 199 699
542 -919 287
-132 -126 224
-48 -79 943
132 903 369
-137 189 604
-54 205 240
-844 -441 814
-387 -816 834
132 138 222
25 923 201
496 950 825
91 -800 431
530 -534 128
-465 -666 293
-80 997 695
555 -388 33
850 -304 972
447 -224 336
876 -710 147
-459 407 98
-81 -399 740
-173 955 40
445 607 854
-388 -900 917
-328 581 164
740 747 915
-820 -69 220
678 356 445
105 -858 146
423 -167 134
344 511 737
594 738 435
762 395 675
650 949 282
253 -29 390
-578 -826 913
537 828 651
-319 -784 761
842 -988 77
-673 539 91
163 484 89
212 -589 479
-114 183 853
-376 -417 365
-112 -667 348
723 -804 292
975 571 372
-109 -268 575
-670 199 782
144 393 78
-839 -281 23
82 907 676
77 32 365
896 -144 436
-693 -173 736
202 636 306
79 76 744
21 -64 158
100
-548 120 477
185 64 740
-301 731 804
-232 -923 521
-371 914 304
-828 891 442
-817 589 754
-376 -790 975
-921 -440 55
588 523 378
43 431 636
333 -731 19
989 -343 897
414 493 839
547 931 157
-644 -134 850
-205 408 898
-375 -108 559
903 -659 539
352 -139 358
996 953 500
-761 762 714
-506 837 162
724 -103 773
553 -691 772
382 378 390
-693 -244 918
969 429 15
778 -400 422
-612 752 728
-206 614 724
-923 -299 645
189 -698 197
334 -244 964
-959 386 397
140 -325 110
-780 448 273
928 166 837
369 -132 353
285 -872 83
606 -254 534
952 103 399
663 186 900
405 887 570
954 -76 158
487 -170 618
-611 -675 624
-984 -328 560
812 182 260
-360 974 977
-464 -144 119
-250 -793 1000
-908 -169 694
950 -798 351
-851 66 891
-854 -580 466
464 -64 69
187 -686 731
404 262 876
930 -375 981
-481 -882 74
-674 -489 466
-717 650 37
263 44 957
761 -320 184
-569 952 970
-781 823 715
41 -388 160
-411 414 369
857 -628 591
311 836 595
-912 -840 218
580 -182 631
-810 365 534
67 478 671
-554 -853 362
831 589 97
-458 562 343
-105 387 389
-647 -330 877
771 338 935
635 -895 999
-867 -548 165
-195 -650 790
-702 1000 499
669 -887 106
212 -738 677
-432 -661 999
922 677 949
-126 -879 471
894 199 722
-690 -327 714
-486 -669 338
-215 974 293
-140 -556 173
642 334 441
-505 556 201
168 -217 435
816 602 808
-819 -911 4
