100
-705 -128 90
281 292 170
192 267 288
291 148 847
547 241 37
-777 770 844
811 922 948
-916 -205 384
-775 424 293
372 -972 243
418 -997 23
-867 -684 185
-903 -138 842
925 448 281
-279 -695 357
-230 762 362
-4 247 361
869 110 552
-454 557 837
618 -436 4
-408 357 532
-622 770 566
899 -236 340
-311 406 176
476 -651 921
254 306 949
-491 653 935
763 853 460
-969 706 271
20 -141 735
-450 -11 669
751 -313 502
-288 664 600
-842 -695 231
-852 -908 967
194 687 738
-634 195 510
984 84 242
-409 -694 134
-286 -872 462
777 571 573
-575 379 739
110 -262 712
730 421 13
694 568 874
-537 280 878
49 104 630
-579 -258 353
406 259 879
-915 -999 340
-77 -48 636
-68 804 82
571 880 867
-645 -319 308
685 280 742
-8 -70 268
-341 510 633
-829 798 275
-930 14 588
164 788 742
-44 -250 676
-899 387 938
656 475 402
818 -526 901
272 989 549
559 912 685
-507 157 823
93 968 527
755 762 522
746 -844 163
-880 -169 839
-383 371 667
391 967 635
-302 798 465
-624 947 271
293 881 590
-603 -257 667
-674 826 185
-20 -521 877
-60 -496 562
829 944 249
285 -502 239
-610 116 794
-453 -462 896
70 -478 986
945 173 156
647 -839 541
-380 -145 278
-33 -567 532
-260 -351 651
-478 719 45
395 370 330
-892 704 24
-358 -668 105
-160 -700 99
210 253 436
715 -803 876
-407 868 537
718 853 169
377 217 745
