100
-920 -849 487
344 -758 375
74 -696 491
-650 -54 53
34 -547 34
-740 -709 272
855 577 133
517 720 486
-875 -497 325
965 -601 407
804 627 511
755 965 654
505 689 897
-113 -341 476
170 -926 948
324 953 278
861 163 189
-885 -627 611
54 -202 860
430 -603 274
972 927 504
-438 -886 674
-793 696 378
27 590 991
626 -835 941
975 -50 165
-137 149 300
-775 134 141
607 -516 7
57 275 693
413 402 320
-409 459 188
-92 -537 577
-741 -139 831
-246 -141 367
-165 -691 68
157 369 897
557 -361 72
512 978 89
-451 764 182
-88 758 154
693 -521 918
702 -892 356
-302 312 879
-708 -653 188
-731 -406 617
70 -714 322
991 -267 986
-571 368 746
-123 735 960
-693 -741 135
769 -114 773
-72 -94 486
212 226 167
-462 945 844
-994 -853 397
-723 -475 436
-753 -794 397
667 283 460
646 901 92
396 68 57
804 -420 941
787 -564 576
595 -472 257
765 -461 407
110 -648 66
662 -882 528
677 -954 503
-907 714 79
-302 -947 989
765 -367 272
-179 -166 853
-869 925 642
-745 280 34
-900 190 173
-437 179 101
341 91 101
-587 830 766
289 -505 651
6 572 122
235 811 336
870 -296 77
-219 379 789
494 749 257
764 -780 394
180 -642 543
-657 -770 928
-951 168 257
755 -520 948
-982 798 882
557 -653 564
944 -451 390
-261 -45 136
923 -366 881
553 -911 577
-557 -556 631
-992 -304 348
769 -256 724
-735 87 794
-701 -683 455
