100
743 -708 682
149 652 143
-208 -222 647
-171 159 487
670 41 870
227 -183 255
-515 873 868
-821 814 127
776 583 735
2 664 472
505 276 785
13 -596 717
-148 120 813
-891 -564 409
979 -521 437
-607 857 149
-948 -472 180
354 78 195
-300 -291 735
304 992 225
75 -31 857
-303 -292 599
-975 -33 372
-812 229 209
-58 -421 59
964 -941 772
-925 103 291
567 241 386
-792 726 17
-653 -147 952
526 0 520
-591 -813 690
-144 -780 131
-362 -345 32
768 -205 740
111 -445 984
-193 -756 527
412 948 42
-165 634 542
-322 458 49
-176 -527 658
908 -536 959
857 546 793
405 416 149
-124 490 407
-480 916 414
-292 -155 545
419 639 384
453 -337 416
-588 21 755
937 -446 170
-238 258 965
238 365 23
313 -776 534
942 -832 367
706 640 406
162 -763 417
48 745 815
611 -353 556
-106 957 447
-61 684 224
539 -720 790
-486 775 977
615 190 625
894 226 802
-755 556 1
585 -853 757
-519 -948 195
-589 -151 66
397 -764 150
687 970 354
33 356 379
-759 944 250
572 -698 456
557 -962 418
-391 -28 643
969 -530 946
-939 -729 511
-299 520 166
-245 -832 151
565 240 945
870 765 776
818 -226 487
-85 -196 619
-960 939 894
764 644 403
70 70 371
-695 731 962
-136 -733 810
-361 -233 602
187 -632 221
-577 -289 377
258 412 613
-934 649 358
-39 78 386
-496 -762 954
-800 8 827
-609 704 189
-162 -294 28
917 255 581
