100
297 178 334
299 -450 295
417 444 109
-407 104 699
-168 -510 881
806 41 826
854 -209 58
195 228 994
-561 -519 356
-83 -65 823
-637 829 427
-530 353 173
15 -784 855
279 -467 449
732 -265 184
795 490 358
748 206 966
889 520 730
341 810 129
-396 210 962
-684 510 167
-197 498 772
-115 -484 292
81 982 463
621 355 357
758 830 276
244 252 954
451 -692 399
-175 288 835
713 880 926
-879 -565 383
-85 782 269
-137 -668 750
0 -119 420
517 848 301
343 -568 749
-62 26 308
-343 -311 296
-310 -461 756
-676 -567 625
-927 174 233
-601 -81 240
886 -416 952
939 26 974
-584 578 965
-243 -370 16
-491 280 583
-577 -103 117
10 -899 855
777 -642 730
328 329 957
-627 845 526
845 -101 85
-503 -443 515
141 -62 718
-152 674 143
-736 -767 603
-437 -154 631
-605 531 456
941 505 419
691 248 948
-630 200 28
-222 -120 602
342 208 247
-790 406 33
-819 -729 611
390 39 621
303 -86 558
117 -686 524
135 -568 130
293 689 901
-491 -206 933
-699 317 336
273 518 439
-36 339 756
-591 -817 137
-41 657 704
334 -211 935
113 286 844
-166 -628 44
56 911 690
-452 613 604
-965 336 455
-587 -882 199
421 644 495
144 -881 700
701 -556 445
597 -915 266
695 -462 961
-548 124 118
693 -28 641
-42 131 824
15 402 40
64 -105 335
504 392 936
50 -363 894
-933 194 834
417 -822 67
-188 -710 568
-811 552 274
