100
-528 -529 458
-818 -510 269
-616 -798 414
-274 -14 263
-803 -371 813
-271 -728 407
-860 204 635
-6 -650 591
981 149 687
526 -324 463
-377 868 812
-656 708 211
-359 -350 97
-717 772 700
399 -163 2
-994 -791 519
-566 -501 517
-779 624 918
-510 500 962
473 585 414
595 125 647
-735 368 913
-905 44 452
-741 529 102
965 -695 456
439 -903 859
155 -391 891
914 114 650
879 7 399
82 608 238
-933 249 610
-673 601 425
-726 489 173
-413 -927 497
-735 -556 583
581 -593 748
-868 507 204
-263 334 729
181 -383 334
743 702 862
-232 -219 685
798 -565 44
-925 608 157
-837 825 853
-812 -917 868
182 -404 86
-728 -536 999
761 -479 541
878 97 865
173 -458 580
-439 -786 72
-279 21 781
559 87 117
115 -952 581
107 446 476
283 718 161
960 -593 958
758 747 144
-41 -344 404
-799 -825 574
-580 404 40
334 928 584
-441 793 894
406 -167 213
-982 772 369
944 -639 116
480 988 656
476 948 872
592 -186 144
-584 -124 571
17 784 274
476 399 537
35 -668 242
626 684 220
643 -570 829
514 -385 568
468 515 169
141 312 651
-517 -32 379
951 -710 611
712 -143 811
-10 -398 638
21 -299 924
444 -186 392
287 -152 620
610 294 199
-284 551 162
957 442 422
630 -27 633
359 -800 85
-853 -242 146
326 -627 147
-609 716 401
299 622 323
-14 759 288
-817 -994 519
674 -894 608
146 -192 785
194 -950 734
790 -757 14
