100
-521 184 828
35 811 356
-32 -287 731
-339 865 852
-742 -280 643
-66 896 719
184 430 809
-799 -525 784
220 568 626
947 -455 463
-900 94 447
-82 -696 154
191 -139 685
-560 -383 911
80 342 209
572 688 58
-676 769 726
426 229 889
-956 -124 222
918 380 761
-402 -975 72
-793 -867 603
-106 -688 823
875 423 276
-823 971 97
643 -529 72
395 -59 948
484 811 751
782 124 915
256 435 703
-147 358 300
804 -150 70
649 -151 432
376 337 521
-846 360 503
-855 254 212
-342 -62 377
14 425 459
908 -750 570
16 -701 791
991 -831 715
-342 127 779
536 776 222
-420 -899 971
603 -391 326
399 -658 455
-873 -413 174
135 -788 996
623 941 986
676 662 120
61 -551 411
-603 81 489
601 940 359
650 -228 5
-662 -795 886
-852 -48 522
467 -731 56
103 877 244
255 -583 265
822 148 458
-63 -490 741
613 -292 747
-940 960 666
309 783 600
339 -999 883
-69 -370 197
-226 838 821
304 -560 567
-544 257 313
-274 841 935
-927 -519 21
344 -326 543
-235 -180 128
-116 103 754
-708 -683 920
69 -173 179
-74 955 535
-122 -205 402
-642 -690 708
-181 209 866
24 -146 34
-231 -705 980
-968 -634 466
-738 50 634
360 -635 454
924 -721 7
978 -540 165
561 872 655
74 -370 91
-874 724 385
-280 -623 886
-479 275 162
608 911 253
-936 655 753
771 529 560
-259 338 996
-898 -972 872
-696 -116 100
-124 803 627
779 -285 522
