100
278 -922 578
193 -980 889
954 -671 929
-452 -821 804
644 854 385
-349 -898 729
-206 229 184
-387 -514 649
-875 968 629
517 -390 487
327 87 754
462 760 684
-300 681 399
170 854 610
639 341 947
-953 86 636
204 982 505
-310 -136 757
374 -102 194
-990 491 106
-540 519 284
-271 -68 542
660 -763 26
219 35 196
-79 603 982
951 503 668
-78 682 804
-130 4 259
-359 858 943
147 -523 494
69 -89 29
677 -99 884
-418 -542 704
10 910 688
-138 367 369
-577 617 547
412 -566 728
-360 -731 569
-880 -916 420
459 -586 420
872 987 763
-906 392 367
906 713 200
-639 909 212
-328 -728 9
61 924 443
-529 286 424
247 -718 342
-998 948 959
981 9 824
-894 -96 841
-67 -864 688
418 -259 229
849 608 719
-414 223 792
678 930 340
693 -275 252
973 635 294
-802 -570 900
-22 751 555
991 377 274
667 205 310
-509 572 65
367 40 484
-218 -342 373
-208 211 667
-900 -290 445
881 668 947
-464 474 946
542 -14 262
-841 398 803
479 645 37
-232 -73 440
-454 701 798
709 -991 762
-146 974 928
-608 -921 796
182 325 885
-393 -200 49
467 -501 303
831 998 251
130 223 942
898 773 289
832 -472 757
674 -714 886
62 0 356
-38 -135 303
72 547 664
748 -687 454
-703 -5 789
-582 -669 213
-116 801 781
991 -921 245
-870 977 549
-362 152 309
-91 624 402
113 -714 654
-645 -168 231
-722 -499 857
-142 262 831
