100
-572 33 114
673 595 80
-67 357 971
-599 551 24
-8 -334 754
-96 975 633
-528 919 840
-916 -718 969
-421 -546 898
975 446 750
-697 152 793
255 964 541
-260 -39 236
-149 361 595
601 -241 693
-166 -358 143
-228 984 198
495 -649 920
461 -648 969
-683 -305 16
-250 -901 945
-854 -807 904
-54 589 616
260 -525 491
-394 924 366
-974 -503 46
-313 -481 409
-930 66 316
624 -831 886
186 407 607
-129 -488 741
9 -215 50
239 807 131
-791 908 474
570 -131 492
565 -633 923
47 -677 447
-620 352 171
-566 617 59
-628 -760 744
929 -272 960
-15 -931 879
56 -78 364
607 -9 302
-801 408 670
-241 848 650
-730 -204 34
-92 -173 508
555 607 970
647 -921 19
90 -653 247
183 -717 883
-929 821 627
-428 -927 560
979 978 812
-856 -90 583
956 -352 703
675 -947 398
437 248 397
-510 347 957
966 405 579
-126 -647 97
-621 93 942
521 562 774
262 561 33
-570 -396 801
985 804 134
-515 -826 776
-607 193 76
816 -161 645
999 -671 239
250 174 652
-226 -395 466
177 -369 193
-863 653 399
673 -388 243
-450 571 134
-409 32 42
-172 886 318
669 948 274
-78 -115 368
742 -642 890
-388 191 908
-515 -561 125
-118 730 739
603 -146 262
67 -793 519
376 913 528
-641 938 697
448 -904 172
-134 955 430
92 -246 809
487 -348 870
-933 978 754
549 736 605
589 960 338
-306 -683 983
-437 871 330
201 864 61
-580 -481 746
