97
0 0 666
960 960 40
960 -960 40
-960 -960 40
-960 960 40
960 880 40
960 800 40
960 720 40
960 640 40
960 560 40
960 480 40
960 400 40
960 320 40
960 240 40
960 160 40
960 80 40
960 0 40
960 -80 40
960 -160 40
960 -240 40
960 -320 40
960 -400 40
960 -480 40
960 -560 40
960 -640 40
960 -720 40
960 -800 40
960 -880 40
880 -960 40
800 -960 40
720 -960 40
640 -960 40
560 -960 40
480 -960 40
400 -960 40
320 -960 40
240 -960 40
160 -960 40
80 -960 40
0 -960 40
-80 -960 40
-160 -960 40
-240 -960 40
-320 -960 40
-400 -960 40
-480 -960 40
-560 -960 40
-640 -960 40
-720 -960 40
-800 -960 40
-880 -960 40
-960 -880 40
-960 -800 40
-960 -720 40
-960 -640 40
-960 -560 40
-960 -480 40
-960 -400 40
-960 -320 40
-960 -240 40
-960 -160 40
-960 -80 40
-960 0 40
-960 80 40
-960 160 40
-960 240 40
-960 320 40
-960 400 40
-960 480 40
-960 560 40
-960 640 40
-960 720 40
-960 800 40
-960 880 40
-880 960 40
-800 960 40
-720 960 40
-640 960 40
-560 960 40
-480 960 40
-400 960 40
-320 960 40
-240 960 40
-160 960 40
-80 960 40
0 960 40
80 960 40
160 960 40
240 960 40
320 960 40
400 960 40
480 960 40
560 960 40
640 960 40
720 960 40
800 960 40
880 960 40
