100
745 -207 360
-788 849 337
-487 493 500
-996 -757 34
-710 -404 50
-653 433 867
667 399 311
-102 36 234
-27 -619 492
-215 -892 123
399 11 911
-551 898 337
719 -995 521
-476 707 877
-323 -702 143
-897 -264 938
-425 -414 133
-940 -155 707
-838 -650 153
347 679 724
750 929 336
-656 -309 660
594 621 81
57 -807 283
612 894 330
-682 159 555
-891 655 423
-35 23 79
-293 -373 752
-956 -916 771
894 -591 721
803 74 629
-85 415 74
127 -266 192
-354 553 699
-4 283 538
-252 746 935
-628 831 57
571 585 692
-406 -579 558
-255 851 80
475 746 777
112 -179 814
-949 506 133
-420 -474 725
746 798 557
-634 77 466
745 -342 322
-910 508 310
-238 -972 7
-629 95 902
435 -802 357
535 836 729
-97 965 736
-24 -856 764
82 -821 924
940 809 403
-907 154 580
-201 -12 312
-758 449 254
-236 -254 54
350 942 431
-381 -857 85
-492 982 370
-283 -790 704
-167 902 229
428 -870 13
169 398 255
668 -586 851
649 612 583
-275 -140 828
-493 -268 942
-254 -296 549
-587 326 105
-474 -919 160
-400 -276 466
-719 7 405
459 -494 135
756 -769 391
-780 320 808
780 155 32
508 966 128
712 482 373
562 455 514
239 863 598
203 -486 746
42 -683 720
-294 82 5
-950 689 605
-844 961 68
-757 -968 418
287 -641 891
-689 -738 376
880 -609 771
-99 -293 42
467 440 356
-654 -937 900
-376 818 484
-967 -236 160
-128 -708 470
