100
918 -442 828
-640 305 973
-3 365 280
717 -701 259
-826 -572 912
-366 616 693
-892 105 768
-787 -143 528
-44 -881 502
263 298 287
469 -329 730
-197 -271 499
794 -460 982
311 44 431
185 -408 256
44 238 799
-62 -701 602
-577 -453 366
-708 -315 639
-625 818 466
27 -723 55
-9 268 140
-157 201 235
-64 -169 920
616 967 683
236 560 329
389 861 640
-59 450 255
-713 -36 728
159 546 771
-445 -986 515
584 -991 805
-945 -909 805
-852 -979 705
-547 -854 91
701 144 47
-62 -215 12
454 -428 70
564 -511 760
574 -494 132
627 131 108
110 511 216
-266 180 70
-383 109 974
853 107 405
-821 -852 584
905 -874 318
187 -590 49
113 429 210
550 -582 252
-553 -587 346
147 -657 964
389 991 415
-889 690 816
-953 -365 34
-838 -978 645
-751 752 304
63 -294 283
-405 259 200
-435 -682 794
-106 224 563
-227 686 717
-413 377 12
-509 572 250
-284 -718 322
-824 856 157
556 11 133
-286 141 738
-30 -787 440
-317 -459 544
-267 -672 261
-26 -408 197
779 -938 263
478 -852 237
-610 -841 967
-970 -159 27
-651 -341 866
725 671 910
-468 -977 721
404 -29 395
-903 589 101
-412 -999 217
625 359 432
623 600 940
465 -120 510
784 638 963
-876 -696 468
-192 335 85
172 -347 343
-748 -313 814
148 -50 537
446 337 205
493 131 794
341 9 713
843 429 175
-353 -277 453
-119 509 473
274 477 941
58 711 104
-280 396 178
