100
378 772 256
-200 505 489
85 31 393
-139 -142 463
571 -707 225
907 878 524
141 -222 814
-296 372 493
246 340 1
233 507 828
933 -714 210
147 -169 136
-19 -178 378
763 -364 943
-271 -37 89
-660 120 548
512 -440 520
737 39 485
651 911 644
199 -427 68
-348 -269 473
872 -613 245
436 319 905
-542 485 900
-943 -738 431
-481 729 325
-246 -362 412
-450 -388 268
-414 506 620
332 -795 654
772 -254 804
-531 998 45
-792 947 82
257 -745 522
615 -376 980
563 797 860
287 -556 333
-394 104 934
110 -945 964
-839 -18 228
650 465 982
549 436 457
523 -760 395
30 -599 66
803 -728 623
-315 328 734
104 -250 348
-566 -709 688
-693 289 885
-414 509 613
-162 -4 490
567 -544 603
721 263 429
-892 -553 173
-19 -114 354
128 246 737
443 -556 383
-799 256 566
-804 462 436
-70 751 370
-252 933 825
486 -202 83
746 530 149
987 73 576
-689 -14 217
385 -808 892
-554 -473 676
935 104 977
-339 -946 257
-281 -810 208
673 684 895
-584 652 241
643 710 192
644 402 617
27 469 705
140 -210 950
-749 -160 202
-626 -112 466
-580 286 370
-806 -673 676
962 383 869
702 -180 171
861 770 828
937 597 280
-877 195 297
556 -694 733
12 3 14
-853 411 593
-117 941 329
-937 -216 472
-547 -584 654
-620 145 520
433 386 331
403 -738 33
750 522 552
-463 -342 464
776 876 321
-281 -73 553
407 -625 422
111 -520 114
