100
0 0 101
0 1 100
-1 1 99
-1 0 98
0 0 97
0 1 96
-1 1 95
-1 0 94
0 0 93
0 1 92
-1 1 91
-1 0 90
0 0 89
0 1 88
-1 1 87
-1 0 86
0 0 85
0 1 84
-1 1 83
-1 0 82
0 0 81
0 1 80
-1 1 79
-1 0 78
0 0 77
0 1 76
-1 1 75
-1 0 74
0 0 73
0 1 72
-1 1 71
-1 0 70
0 0 69
0 1 68
-1 1 67
-1 0 66
0 0 65
0 1 64
-1 1 63
-1 0 62
0 0 61
0 1 60
-1 1 59
-1 0 58
0 0 57
0 1 56
-1 1 55
-1 0 54
0 0 53
0 1 52
-1 1 51
-1 0 50
0 0 49
0 1 48
-1 1 47
-1 0 46
0 0 45
0 1 44
-1 1 43
-1 0 42
0 0 41
0 1 40
-1 1 39
-1 0 38
0 0 37
0 1 36
-1 1 35
-1 0 34
0 0 33
0 1 32
-1 1 31
-1 0 30
0 0 29
0 1 28
-1 1 27
-1 0 26
0 0 25
0 1 24
-1 1 23
-1 0 22
0 0 21
0 1 20
-1 1 19
-1 0 18
0 0 17
0 1 16
-1 1 15
-1 0 14
0 0 13
0 1 12
-1 1 11
-1 0 10
0 0 9
0 1 8
-1 1 7
-1 0 6
0 0 5
0 1 4
-1 1 3
-1 0 2
