100
468 -201 30
-364 -456 497
257 691 223
-350 -490 820
888 326 180
-43 -446 943
-395 -615 678
-669 596 280
-676 -432 138
-570 676 128
398 -544 38
-427 -702 118
359 686 701
-688 -606 896
-962 -831 965
718 -689 162
-110 -987 549
-886 -137 501
-483 -334 36
323 535 938
-635 -376 225
131 -352 453
197 594 58
114 -713 675
538 -718 418
-267 313 848
142 -932 829
795 -435 329
545 420 25
-387 -284 672
-296 -830 310
666 614 70
101 -688 191
633 -496 573
-344 482 665
706 474 26
-187 -179 513
848 672 53
901 616 341
470 23 658
557 -353 20
-412 -159 752
-866 125 950
-185 67 244
-616 151 156
-555 -624 377
-602 637 69
-899 -659 679
42 92 900
308 -227 568
-194 -50 376
271 255 328
-318 -596 338
-175 -258 500
-782 -589 220
-823 -785 247
563 -51 858
-755 -597 806
-352 79 419
250 975 993
437 646 380
-228 77 568
158 -931 84
740 544 878
-996 424 804
-849 785 76
-337 -158 398
464 -897 988
-605 -245 365
-34 -818 488
940 -779 889
595 505 276
-606 326 554
677 93 302
544 304 281
918 -97 312
433 -55 314
870 -626 2
-879 19 255
556 -500 863
184 -827 870
-820 162 437
-670 189 111
-654 656 95
675 659 57
-565 776 326
85 -769 328
-448 250 33
115 460 59
705 -240 295
355 772 659
362 -509 204
-969 -626 827
-538 -572 30
615 132 971
-612 -754 168
753 -746 577
-348 677 313
854 -61 365
-600 -938 156
