100
422 -654 514
767 576 727
5 362 259
169 -228 932
-175 -651 743
-570 -353 698
-682 693 837
139 195 518
-639 -123 657
922 370 716
-516 -243 123
248 -425 488
305 269 271
-763 527 577
576 -841 700
603 -485 840
-374 213 711
-839 -521 676
148 503 821
-48 -485 141
569 406 989
620 -520 912
-971 846 544
538 -907 431
37 -222 470
869 -491 583
11 511 558
541 209 171
-106 -782 520
-390 -848 184
779 -166 369
-963 -464 373
-54 785 937
984 215 726
-919 -751 456
-181 -42 718
865 487 123
-192 916 34
581 -25 783
-904 -100 622
89 -326 184
-286 811 186
-182 609 482
-403 781 483
-591 -705 54
-227 60 147
770 442 615
-50 238 840
88 -679 897
578 -251 249
-135 -515 933
769 -92 794
896 -766 977
762 -75 655
-315 495 205
-337 829 444
304 474 591
-700 -740 98
-372 756 132
-454 -789 11
-934 -129 576
495 -76 375
85 -670 594
-360 510 99
623 -173 214
-342 -945 244
303 -43 122
901 -306 769
383 38 574
-921 24 396
-849 262 518
-920 446 195
-652 -991 763
509 -381 491
463 -919 926
144 -217 66
188 639 598
-112 -57 106
-733 -589 118
-632 -470 488
248 202 591
478 -356 524
-268 -320 89
-618 953 485
245 612 995
905 -806 542
936 -767 590
521 593 860
-684 165 11
130 -406 341
-122 -863 701
-667 782 251
-913 879 278
-551 271 824
457 366 14
989 799 56
-522 -948 443
-894 342 967
-898 202 126
496 -622 887
