100
265 224 117
-250 399 884
767 701 812
954 -449 290
212 363 566
-830 -512 199
-880 -698 548
-432 422 54
592 -56 353
-787 371 71
344 615 345
650 -290 470
-165 -130 453
-572 809 254
407 105 724
-820 941 843
-794 -54 993
754 447 31
-506 16 938
506 233 54
-879 659 10
-81 355 193
713 753 897
1 672 95
460 -827 115
702 -408 317
-748 -103 423
62 -395 200
-516 -611 442
-673 -128 274
-150 242 8
-866 -86 998
76 -898 428
-556 -89 12
-825 -255 164
947 59 160
-403 997 469
-252 -434 581
455 -166 579
-517 71 753
449 -609 448
728 199 699
542 -919 287
-132 -126 224
-48 -79 943
132 903 369
-137 189 604
-54 205 240
-844 -441 814
-387 -816 834
132 138 222
25 923 201
496 950 825
91 -800 431
530 -534 128
-465 -666 293
-80 997 695
555 -388 33
850 -304 972
447 -224 336
876 -710 147
-459 407 98
-81 -399 740
-173 955 40
445 607 854
-388 -900 917
-328 581 164
740 747 915
-820 -69 220
678 356 445
105 -858 146
423 -167 134
344 511 737
594 738 435
762 395 675
650 949 282
253 -29 390
-578 -826 913
537 828 651
-319 -784 761
842 -988 77
-673 539 91
163 484 89
212 -589 479
-114 183 853
-376 -417 365
-112 -667 348
723 -804 292
975 571 372
-109 -268 575
-670 199 782
144 393 78
-839 -281 23
82 907 676
77 32 365
896 -144 436
-693 -173 736
202 636 306
79 76 744
21 -64 158
