100
-972 945 807
147 599 693
-299 -150 76
741 151 359
496 204 669
-479 259 933
-7 196 233
433 -827 848
-179 -19 465
322 -495 24
820 110 859
-698 -819 61
-353 497 503
224 461 885
-341 -705 81
-163 -252 767
-736 -352 764
914 -879 514
581 140 145
-245 -579 76
-30 75 746
852 555 653
-7 -720 703
-38 229 468
-935 -883 229
122 516 705
-204 395 364
980 -502 71
-261 -741 428
238 529 685
-537 -69 193
458 -667 212
-149 -402 517
-22 124 216
-342 406 510
935 -713 691
285 -347 545
-985 699 600
74 -703 291
-780 -123 546
-858 678 864
-318 452 881
-161 -158 66
786 619 445
415 990 850
85 -940 211
-945 768 992
533 82 390
101 612 515
870 811 420
-541 -766 31
358 -726 653
33 256 201
293 922 300
893 594 72
991 373 170
700 -842 412
322 388 431
93 -857 258
-170 -961 742
990 -574 34
-239 575 613
-707 -356 562
105 826 896
-715 167 988
276 -775 748
566 286 206
-428 -388 356
111 843 626
720 -543 903
605 -25 514
12 -457 486
-864 655 103
39 504 191
112 615 830
-179 317 181
-701 -922 65
-469 478 695
-95 174 858
766 563 507
-816 -807 169
243 -55 749
543 908 103
-306 725 865
-662 520 378
31 -148 805
-490 -559 164
520 751 840
986 -309 361
237 -929 143
948 -476 90
-732 126 538
679 -303 208
-904 -169 336
327 197 332
-575 719 504
969 -784 936
-973 -910 558
-639 -260 142
871 98 38
