100
-290 -594 87
-767 172 848
780 51 738
507 88 381
-573 -778 750
49 -307 291
-518 947 345
-655 -571 231
-48 968 711
-183 232 505
937 -240 337
849 855 627
-991 480 295
-496 266 874
390 977 107
-580 -959 193
451 -3 248
-841 979 44
-729 -24 711
579 112 446
948 541 354
806 139 394
770 7 958
-902 -246 918
-923 266 411
-777 -170 748
281 -932 997
169 -843 525
413 776 329
-942 -482 832
-629 403 959
465 677 352
-578 256 986
979 850 224
-922 2 997
687 -371 985
-197 48 13
-920 233 798
-156 -189 101
-770 -717 33
241 -376 905
829 952 178
-149 612 604
622 598 998
-571 904 199
-181 63 835
166 799 217
-183 -276 253
-596 -94 661
-239 487 651
793 -517 760
-594 -951 809
77 -288 32
-219 750 501
-884 352 464
62 -954 857
720 -475 574
-259 241 369
-546 -220 42
-849 592 905
-276 -734 359
139 -331 503
-303 263 622
-781 -3 463
121 942 431
580 -871 754
963 -176 691
219 350 23
-875 740 570
-65 209 107
-756 -225 307
-274 14 753
867 632 92
331 -753 110
492 -227 33
-799 222 382
677 -498 211
245 -477 202
534 -688 432
185 -695 450
657 -583 521
627 123 234
866 54 146
413 322 787
-594 309 715
-223 -190 88
452 -916 370
-510 -761 417
966 -961 24
-183 -66 736
179 444 6
168 982 751
-667 929 872
-14 -316 434
-109 688 500
-751 -924 518
574 -557 562
732 893 872
-534 -470 567
586 160 985
