100
-693 657 654
962 433 592
742 -961 438
26 -886 944
-831 1000 85
-339 -551 85
504 -665 803
-75 -559 797
123 -475 231
656 -114 806
-821 -607 959
967 28 284
34 -365 440
650 272 688
866 -693 967
914 405 368
311 -21 764
159 -322 832
741 -367 883
-929 -705 141
154 -34 412
-808 80 928
516 628 803
-369 -214 814
293 106 113
208 522 854
32 -658 573
639 597 241
785 272 55
370 -253 598
-44 905 544
339 987 738
-542 514 848
-143 822 264
-924 -461 448
399 -576 165
518 695 234
301 -66 196
-874 259 798
-661 721 496
26 -189 535
-955 -274 88
545 -707 411
-998 -199 662
568 -592 225
23 880 988
-831 -660 18
-877 -848 526
-529 -607 728
25 183 292
-822 224 271
21 720 626
-505 -670 72
877 642 188
790 -850 704
638 -637 341
371 454 106
202 -446 914
-217 535 614
-167 -221 52
695 -294 494
516 191 493
570 220 631
-804 -754 518
743 -351 291
-910 195 555
-711 620 172
-674 838 622
95 301 228
549 186 39
321 81 626
-870 640 941
-773 -5 400
118 422 969
-269 -615 440
-818 -319 214
-693 507 645
-114 -299 416
99 -974 260
-97 166 290
-269 166 986
-454 -422 802
-697 -469 554
402 -375 626
-355 -770 263
-891 640 179
-918 -973 627
-588 155 643
99 -230 625
881 348 835
-252 -718 613
-596 731 812
-959 -741 103
-295 204 146
198 -118 373
-89 258 555
331 173 859
-772 935 102
921 -390 853
-817 -778 903
