100
-938 -485 345
-945 -382 536
-875 -721 267
28 972 135
117 -815 897
-487 499 617
678 -110 905
125 634 512
985 -611 27
592 318 787
290 880 588
549 837 641
-50 762 703
-769 -830 799
-855 448 823
962 -593 454
-300 -787 455
-255 -465 914
-939 -839 358
967 -600 76
-890 31 4
453 699 102
750 -26 194
307 669 205
77 -683 820
856 412 595
-483 313 937
-546 28 930
-914 622 741
-445 -470 797
-445 132 632
-963 -211 905
512 894 41
-80 434 121
-67 617 839
-207 995 334
797 950 95
-480 -884 976
2 101 920
226 -538 527
-432 653 635
-410 -472 206
390 -461 659
941 76 880
-193 -556 867
-282 321 604
-86 -289 849
-296 -753 989
-423 -299 511
215 745 905
-494 -51 2
-316 -368 599
911 553 514
800 -174 966
-351 671 661
314 -64 822
-529 -156 322
-676 656 945
-758 -912 452
-814 -15 749
-151 982 385
429 -733 569
-473 -347 915
416 -849 372
293 -32 655
-424 -268 375
-527 -188 731
-764 -549 95
-693 764 821
622 -770 534
938 -392 951
669 145 252
212 805 991
303 992 145
299 103 130
-445 738 91
293 -222 982
438 -708 786
-846 -485 586
-495 -737 615
10 372 553
-370 781 179
-600 -540 694
-73 52 41
-241 -765 447
-669 882 116
5 -529 991
213 -33 708
-212 722 954
-378 -577 940
-350 257 934
-339 748 51
761 -68 754
836 -671 645
-991 374 235
83 444 767
923 -780 556
-81 571 16
-754 314 349
-53 980 645
