100
-616 331 349
818 -845 654
-409 -173 764
124 -845 954
173 169 887
253 -925 33
-409 156 926
-659 -236 398
553 617 48
-607 -230 29
-541 844 256
-576 252 229
-668 -927 26
316 -73 779
-376 334 560
-531 -390 196
276 -818 497
677 -460 552
381 140 93
-278 -681 739
-72 -338 205
-966 -574 806
607 -218 683
-270 -472 886
-607 244 364
-122 -3 150
-601 568 473
-115 558 973
-131 846 216
588 -882 106
-192 436 114
-47 480 524
487 -844 682
-88 38 550
-256 393 189
-76 627 582
542 -847 417
31 -460 357
204 463 193
696 -208 19
398 -133 642
-780 -620 481
-444 582 672
511 517 304
-446 262 477
213 -504 772
-978 -118 911
-30 -828 462
646 -496 848
261 -483 555
91 891 167
889 37 972
20 -967 12
462 106 835
-336 -64 83
240 -427 735
681 581 185
-142 310 563
-109 122 487
-243 939 176
-191 -825 951
-274 -620 632
-212 328 194
484 64 332
-24 427 484
-669 511 200
477 -534 407
188 -468 927
380 642 484
944 467 325
837 -737 398
480 751 851
-737 -455 17
-583 731 906
-280 -159 826
-154 -454 566
235 -264 991
901 524 772
-507 875 94
302 229 23
886 544 732
709 -33 967
-445 -484 873
996 -781 689
-410 209 666
518 805 433
-81 -245 715
-931 -523 225
668 918 513
-456 -282 148
803 -549 564
-221 802 650
-577 911 492
-190 -273 444
270 -362 408
751 22 873
-12 -899 871
-533 97 152
23 -932 104
310 -14 699
