71
851 524 207
-91 -751 562
-837 -607 865
-828 353 185
998 850 242
123 333 594
381 -378 367
-485 -496 226
361 787 259
-980 -506 58
100 -259 901
537 330 10
-209 337 967
272 372 713
787 245 415
932 216 326
-25 -193 680
315 -723 617
34 995 105
456 -107 261
-122 917 866
552 -504 315
-23 705 321
71 372 43
22 836 477
633 92 160
-350 -637 156
539 500 440
815 -543 736
580 -859 831
207 -139 79
402 -228 480
-773 110 382
943 342 232
767 -818 238
-285 605 648
-679 761 809
-800 -95 45
597 -308 635
-313 300 787
-417 -464 549
-904 -602 40
414 -408 805
-42 563 328
-719 -290 792
362 728 444
-665 -739 720
-363 -246 882
355 -733 37
64 583 275
404 947 643
720 -682 386
-510 567 39
-200 507 370
821 593 909
-538 263 795
-639 -739 993
-147 936 533
-257 307 729
742 395 859
-712 115 420
-29 -194 570
-628 -283 218
533 -163 906
-570 -668 506
-243 231 14
-556 29 352
17 -300 762
-992 334 63
803 -899 214
-944 295 257
