100
348 -123 508
-283 -236 563
-401 -875 644
102 -957 743
81 -325 193
121 509 451
-269 -726 887
451 -13 712
-755 820 512
717 471 55
-483 -110 569
558 -59 681
-291 -852 977
-583 948 656
-597 807 405
-704 0 224
-82 880 506
489 949 882
195 -514 103
-953 -581 444
169 -237 228
-72 -594 237
-626 101 151
350 -523 423
-255 416 130
511 137 173
490 -716 877
183 -814 507
403 764 418
166 823 903
-316 131 301
-953 392 409
-816 -996 299
283 -664 875
37 993 304
71 445 981
-154 -879 962
33 795 184
-870 -700 16
815 352 230
171 945 962
845 -880 587
-848 388 630
840 -948 337
589 -993 167
986 -440 145
-82 -799 649
721 -305 478
47 627 886
909 61 267
879 -899 141
600 -170 92
968 747 259
987 670 513
446 -450 502
-910 -217 910
772 -264 128
107 -508 702
682 -614 136
153 -523 831
669 77 798
-132 189 123
750 -535 452
942 -971 730
-667 -859 170
-543 -681 928
978 191 897
188 -505 666
758 -170 431
-301 711 652
-577 59 636
-96 -395 713
-903 320 522
-120 317 614
136 -227 517
-211 -22 925
570 939 559
-289 -586 315
-301 990 417
-88 693 37
426 -923 7
719 968 599
20 828 254
-107 712 58
-152 326 404
795 -111 232
403 599 310
967 -942 921
598 508 10
-613 405 582
-890 -687 907
371 -789 29
292 -971 194
298 -507 295
484 -565 987
231 -107 10
-432 11 869
883 -523 221
917 799 377
-668 -570 516
