53
-99 -593 606
685 149 962
335 -435 440
592 -217 829
494 485 331
-894 -296 889
311 920 642
813 590 789
39 -201 385
906 908 957
856 183 723
-262 552 60
718 344 714
-930 -905 445
478 250 57
838 -636 714
24 -527 972
-813 -121 318
308 -123 243
-19 -489 805
-941 907 98
826 -453 769
-558 367 46
454 -588 213
665 951 54
856 172 125
763 -289 305
-893 -443 298
306 -625 481
-217 920 836
457 -3 646
258 -825 890
110 178 408
548 -879 636
665 -133 78
36 482 919
-480 -304 683
145 -406 635
240 -232 287
-594 -31 190
-472 871 508
-752 -276 149
510 235 293
-225 85 922
355 296 97
-913 -156 194
-298 -451 283
-854 553 952
-206 -34 519
-813 879 479
-328 -703 284
913 -236 356
177 -967 284
