100
-127 -945 226
502 -994 972
-852 -400 817
959 -65 201
447 268 929
763 392 493
886 -404 905
-115 -471 649
386 186 471
9 257 941
441 -872 948
404 205 169
768 -147 801
377 477 307
-912 -808 383
903 -345 332
43 -748 1
288 781 178
218 623 678
-823 18 811
57 558 167
352 -807 430
180 -336 680
503 381 449
-130 208 948
-373 -995 715
724 -260 140
258 830 760
-462 189 844
-631 176 441
575 -649 580
-845 -527 901
-997 -161 902
202 -924 692
444 937 949
-646 -748 463
539 982 922
766 -94 64
883 -872 441
415 -393 245
944 -750 223
-987 854 49
611 -119 569
337 757 278
139 31 344
-233 -358 279
820 -184 2
768 886 194
973 -43 553
-820 -203 1000
-959 53 675
-137 979 335
136 -836 547
493 430 16
456 -913 280
175 449 622
532 151 208
60 -835 219
669 685 206
-876 -353 772
-908 933 380
720 -742 834
935 -815 35
-799 -221 78
670 -679 970
-316 556 851
-924 676 426
-793 364 675
-315 -126 639
869 960 747
-861 -207 952
-719 385 366
-448 106 415
-748 21 927
-910 198 671
385 169 220
978 -44 121
-149 973 936
513 -728 476
7 -961 696
-843 397 680
-436 775 563
223 -975 718
907 -250 335
95 -443 616
570 -456 240
550 89 310
-712 375 758
916 -405 626
784 -569 122
411 -871 590
-967 540 384
-318 -266 261
-866 460 405
-911 125 744
-932 -957 867
26 310 978
817 508 478
-896 473 299
-978 250 3
