100
601 -529 526
-656 241 291
-263 -3 671
-174 495 937
759 792 190
-221 841 564
-622 229 843
-380 -149 31
-440 169 376
567 -686 729
104 159 877
669 -482 300
132 -728 779
680 22 425
120 907 253
226 -418 138
-100 -719 912
-769 842 224
388 349 781
-462 -87 267
556 774 980
-853 667 485
283 572 749
22 24 48
173 -747 725
793 691 408
-672 -26 287
-676 622 791
981 -951 29
853 475 593
-562 459 440
-673 -423 941
370 184 775
-976 -527 227
-265 -669 404
-569 -877 716
423 -58 845
908 -790 775
-188 563 5
394 -411 967
756 396 130
850 -121 293
413 420 184
104 422 329
-781 102 266
830 -318 100
-21 314 828
-788 -740 756
670 -896 259
623 466 698
46 988 152
971 -78 454
-447 767 143
153 379 223
969 77 263
-439 -624 630
-295 31 609
-218 791 867
-740 560 227
346 -954 852
617 -742 809
517 268 808
-51 -444 700
719 319 103
-87 -891 972
-269 -881 626
511 948 171
2 -27 793
-538 284 667
13 -321 977
562 995 327
-54 492 318
594 -840 904
20 -691 825
-427 863 843
253 -589 906
804 -759 520
573 -985 241
427 403 555
-231 883 136
96 962 729
379 -365 615
-218 200 426
-838 392 560
-874 -907 153
885 432 981
401 533 521
-648 -480 72
-583 870 478
-823 -771 20
-40 -287 909
-447 -230 644
264 496 49
-809 -962 134
363 619 277
523 -600 273
-158 377 673
-127 -691 321
-18 -958 927
231 81 675
