100
653 -830 888
124 313 383
831 -528 578
396 -895 955
-415 200 791
-465 -638 676
-840 -270 767
-410 844 289
441 892 314
-800 573 871
7 304 33
59 786 445
664 967 855
465 162 651
991 763 833
-740 -282 530
-479 197 383
234 -837 446
-386 -233 503
276 -678 535
135 937 357
324 -972 658
-823 585 745
-150 -733 110
487 -553 342
359 363 652
416 853 145
262 -362 458
845 99 772
42 301 700
-583 395 843
802 259 482
-34 142 463
157 646 683
-32 539 426
-639 -434 786
352 -189 554
-687 477 986
-214 -76 86
-525 680 618
-24 -164 159
973 -965 55
-494 -987 228
-153 142 967
334 -704 968
-863 -962 514
868 -904 899
-183 43 862
421 -660 290
-572 208 852
-574 -136 582
-670 393 807
63 -634 39
-791 -308 393
-281 -857 955
-472 355 399
-23 -504 103
664 -685 244
-824 -836 135
-110 356 30
-13 -962 99
-970 923 153
-920 938 563
-894 132 399
-274 379 983
-466 936 688
340 -147 447
-580 -934 295
645 -186 90
-69 904 716
382 889 850
566 162 205
-613 667 740
914 -143 435
923 -906 611
943 697 545
-797 766 932
516 -33 623
139 -671 296
-474 -783 448
-593 441 77
960 894 187
-315 -494 921
236 941 467
253 199 939
-483 -241 657
165 359 743
591 -526 104
526 858 654
972 -844 935
136 53 750
542 171 33
503 -235 515
794 -787 570
-353 468 84
-696 152 561
749 50 763
-263 -589 746
630 -987 638
763 -909 901
