100
-73 -747 232
12 -475 927
868 959 425
-971 -813 219
961 536 109
-568 17 571
656 205 321
-873 688 230
-670 -127 935
739 -732 884
832 -941 825
-479 -872 641
-732 -634 676
989 -55 858
903 922 223
-79 160 898
-969 566 418
-912 -320 105
43 249 488
855 -760 413
528 356 28
-415 -608 313
-483 43 582
-694 458 646
141 69 486
-791 -536 347
-109 626 130
25 826 965
248 961 33
-10 -449 912
-454 -22 154
195 897 77
969 -140 226
299 -684 451
-591 487 799
-117 788 77
500 -199 516
-807 295 126
-158 108 438
-955 791 304
166 -794 791
84 51 481
-898 335 625
545 -355 601
386 -439 693
-949 334 903
-761 -862 889
911 314 775
526 144 1000
445 -151 67
407 624 98
397 -849 799
-607 299 427
-145 -512 535
-567 427 763
-697 594 422
-967 -591 787
876 393 860
31 596 185
477 -905 774
-56 -42 952
-740 -997 733
-518 -414 271
476 988 281
47 -39 469
22 -460 709
-138 -188 140
124 -276 98
-459 875 304
739 731 129
57 160 313
794 -326 194
-877 467 192
-95 175 465
164 972 414
-977 -178 62
430 327 34
-882 247 911
651 226 432
790 -99 870
114 -381 438
719 749 193
-390 705 545
-451 375 585
-361 544 548
-347 107 11
492 -198 387
481 708 101
849 981 422
-166 -249 316
861 550 299
907 143 3
-416 -781 618
994 -708 531
940 680 23
474 857 655
-660 1 437
750 -52 323
-786 700 211
-892 329 461
