100
0 0 1000
0 1 999
-1 1 998
-1 0 997
0 0 996
0 1 995
-1 1 994
-1 0 993
0 0 992
0 1 991
-1 1 990
-1 0 989
0 0 988
0 1 987
-1 1 986
-1 0 985
0 0 984
0 1 983
-1 1 982
-1 0 981
0 0 980
0 1 979
-1 1 978
-1 0 977
0 0 976
0 1 975
-1 1 974
-1 0 973
0 0 972
0 1 971
-1 1 970
-1 0 969
0 0 968
0 1 967
-1 1 966
-1 0 965
0 0 964
0 1 963
-1 1 962
-1 0 961
0 0 960
0 1 959
-1 1 958
-1 0 957
0 0 956
0 1 955
-1 1 954
-1 0 953
0 0 952
0 1 951
-1 1 950
-1 0 949
0 0 948
0 1 947
-1 1 946
-1 0 945
0 0 944
0 1 943
-1 1 942
-1 0 941
0 0 940
0 1 939
-1 1 938
-1 0 937
0 0 936
0 1 935
-1 1 934
-1 0 933
0 0 932
0 1 931
-1 1 930
-1 0 929
0 0 928
0 1 927
-1 1 926
-1 0 925
0 0 924
0 1 923
-1 1 922
-1 0 921
0 0 920
0 1 919
-1 1 918
-1 0 917
0 0 916
0 1 915
-1 1 914
-1 0 913
0 0 912
0 1 911
-1 1 910
-1 0 909
0 0 908
0 1 907
-1 1 906
-1 0 905
0 0 904
0 1 903
-1 1 902
-1 0 901
