100
-256 272 969
-554 975 384
-185 459 351
480 619 795
323 11 580
-590 781 675
997 -822 211
823 622 581
398 -998 879
-161 -657 51
-997 -730 460
-459 582 429
387 943 562
995 150 843
-244 618 8
-434 136 769
161 -851 324
290 -232 880
372 -60 303
-936 -906 185
-435 -703 933
72 -803 437
443 -515 102
-526 864 114
949 -893 991
-789 -610 932
145 -81 461
-563 -241 216
-890 -891 223
15 346 136
-475 -720 711
-722 675 380
838 -424 893
418 640 686
534 -405 294
-144 -613 667
127 157 372
412 -915 252
-441 980 648
-171 -447 496
-875 470 959
994 -643 417
761 788 402
801 -396 368
-350 -746 946
-598 524 180
-341 88 799
485 906 948
756 197 33
684 278 80
-674 -217 917
-109 189 229
-167 -18 865
-544 755 636
-400 -744 965
990 -969 800
961 473 896
-581 528 569
-821 -869 374
985 -202 105
100 870 578
93 -36 988
-664 -767 988
255 -311 420
-186 696 682
164 -706 532
924 -130 82
-260 611 838
-661 744 810
999 977 812
-86 331 385
434 -851 411
-180 -357 136
470 508 209
-67 -728 820
804 897 74
910 900 14
691 -167 903
-889 -695 354
868 -406 227
-334 663 14
-965 -474 133
-103 -988 575
126 319 825
-244 -741 647
-693 -135 377
707 -233 528
-133 -940 971
701 -745 992
277 754 62
-706 764 97
95 -309 965
-333 -465 359
897 -416 802
280 -950 365
239 -134 420
691 -924 525
211 938 387
-546 584 313
998 951 423
