100
-548 120 477
185 64 740
-301 731 804
-232 -923 521
-371 914 304
-828 891 442
-817 589 754
-376 -790 975
-921 -440 55
588 523 378
43 431 636
333 -731 19
989 -343 897
414 493 839
547 931 157
-644 -134 850
-205 408 898
-375 -108 559
903 -659 539
352 -139 358
996 953 500
-761 762 714
-506 837 162
724 -103 773
553 -691 772
382 378 390
-693 -244 918
969 429 15
778 -400 422
-612 752 728
-206 614 724
-923 -299 645
189 -698 197
334 -244 964
-959 386 397
140 -325 110
-780 448 273
928 166 837
369 -132 353
285 -872 83
606 -254 534
952 103 399
663 186 900
405 887 570
954 -76 158
487 -170 618
-611 -675 624
-984 -328 560
812 182 260
-360 974 977
-464 -144 119
-250 -793 1000
-908 -169 694
950 -798 351
-851 66 891
-854 -580 466
464 -64 69
187 -686 731
404 262 876
930 -375 981
-481 -882 74
-674 -489 466
-717 650 37
263 44 957
761 -320 184
-569 952 970
-781 823 715
41 -388 160
-411 414 369
857 -628 591
311 836 595
-912 -840 218
580 -182 631
-810 365 534
67 478 671
-554 -853 362
831 589 97
-458 562 343
-105 387 389
-647 -330 877
771 338 935
635 -895 999
-867 -548 165
-195 -650 790
-702 1000 499
669 -887 106
212 -738 677
-432 -661 999
922 677 949
-126 -879 471
894 199 722
-690 -327 714
-486 -669 338
-215 974 293
-140 -556 173
642 334 441
-505 556 201
168 -217 435
816 602 808
-819 -911 4
