100
-257 185 264
297 491 423
278 990 598
668 -125 386
171 -45 319
895 666 100
531 -545 276
-723 501 895
-583 -252 960
-432 960 130
253 499 676
-983 -858 485
255 -880 799
-20 748 118
844 -792 714
-733 610 531
-547 -735 209
823 -182 836
-501 230 883
231 -875 874
275 -763 314
-444 110 609
204 47 977
900 -590 992
-414 604 337
-929 -766 521
947 44 282
-74 964 177
737 463 890
644 285 487
-938 34 147
-996 948 272
-9 518 55
-240 -400 73
26 -56 462
-733 -45 779
-477 -450 698
-206 607 990
-204 357 557
369 459 125
407 966 282
-399 -681 375
-97 -262 242
-913 160 717
685 -435 433
983 -306 762
-364 -549 621
-254 -182 845
366 -297 415
-532 475 109
73 659 929
663 -509 253
-56 265 230
-320 912 207
972 -523 628
-96 600 614
-226 243 691
123 512 354
-293 245 369
953 -405 708
953 -485 908
-309 701 37
-647 -844 155
939 -168 411
-636 624 715
-658 45 278
618 -296 745
649 -50 123
331 32 910
210 -134 3
789 -606 712
-322 -983 430
-848 716 930
811 -797 377
374 -599 794
392 -228 838
395 811 59
526 -633 541
460 -994 849
163 -636 845
-640 -73 329
32 -250 928
-344 -174 151
-592 369 461
-457 -353 354
-208 508 679
108 934 422
728 -623 926
-89 266 855
-76 -516 32
-279 985 671
-168 860 534
558 373 653
332 599 784
-586 147 938
263 271 587
17 -651 769
-631 449 561
504 -799 161
-79 920 541
