100
61 247 368
389 -618 296
-925 874 674
298 -63 369
-450 -364 390
-973 617 946
-301 -328 283
-103 448 907
-504 -399 776
618 208 728
-390 -143 992
-903 965 312
357 -413 544
-679 -703 433
-666 -559 40
247 -627 411
211 811 939
-567 465 570
-13 -178 138
-601 743 73
723 725 34
522 868 553
-169 209 290
-876 -980 686
-666 -547 923
776 -797 207
726 309 90
-315 -178 792
-948 609 496
982 -23 11
443 -895 705
814 -100 817
-476 899 850
-223 -867 19
-217 210 402
-917 -501 555
653 -967 810
-807 855 893
472 909 692
590 -900 333
-608 554 269
-494 -143 811
416 -597 570
-650 727 266
861 842 371
425 971 821
738 373 326
-702 -428 433
-541 403 244
-627 596 352
-969 29 463
-955 943 152
-64 -315 670
-552 737 171
-219 -755 572
-97 991 722
866 817 990
655 42 746
660 582 347
490 102 656
692 580 770
562 771 292
178 667 515
67 -163 973
688 -160 1000
983 461 190
442 115 419
574 -835 689
-343 547 38
-841 609 274
-880 144 789
-57 -215 816
-354 824 886
-355 -888 26
-499 -933 570
354 -538 996
-364 -986 340
-700 -497 645
408 542 451
-739 -756 901
-423 -206 694
-121 595 268
633 951 698
-87 63 209
676 391 480
989 -81 566
397 863 963
897 316 255
216 -28 74
-614 -512 767
-659 -238 610
-337 -391 38
697 883 704
-817 -741 799
706 721 234
485 121 843
827 548 669
723 -945 999
-149 918 607
-110 109 528
