100
393 -967 51
-430 15 520
260 -966 469
-777 925 91
-21 -464 499
-884 -524 960
300 398 394
136 -636 723
560 -567 306
369 -485 696
-867 -755 873
47 -254 85
384 331 386
-607 -34 334
278 -408 808
-781 26 533
712 728 880
909 -260 971
351 -400 44
-108 960 760
-990 -118 443
-534 -782 489
669 294 627
-885 817 427
-336 435 398
903 794 244
551 -803 446
194 -132 697
675 -397 523
-640 474 193
-332 846 151
-664 -938 299
750 -907 726
-204 482 266
877 446 459
-31 218 187
422 297 610
984 -625 531
-159 793 396
684 -396 386
-435 -290 346
548 396 510
499 453 29
138 -554 424
-825 -513 255
-454 50 570
-75 2 219
-278 669 105
479 866 307
379 -892 738
599 -728 437
440 685 453
322 -821 815
-984 475 426
120 833 760
-506 -255 9
790 353 790
-146 -567 692
-441 -593 218
442 85 586
564 -747 309
-945 -352 896
599 -589 809
862 271 521
-832 -644 494
552 -329 721
-695 -566 215
-593 330 8
992 -857 610
-188 720 116
338 820 116
204 -84 674
-466 252 976
213 -422 27
-724 -377 968
533 -848 58
87 811 797
-656 922 999
-366 -101 787
539 -236 331
329 -640 545
530 -509 348
-420 -899 539
-809 -571 149
-85 802 442
-58 782 318
-399 -218 458
-14 200 151
-60 95 48
507 -857 561
902 947 954
-536 164 320
-343 -748 758
938 -877 166
61 -297 894
-704 665 865
755 621 961
262 -853 801
-511 647 670
692 643 485
