100
27 -669 758
220 267 150
-317 176 177
-665 788 538
-156 -661 148
357 -868 161
294 675 626
771 977 290
759 401 268
439 -993 482
-437 -74 835
547 -767 399
197 895 792
641 -377 860
537 867 682
-552 -481 434
-647 361 984
831 -805 61
404 733 108
-414 862 52
-955 849 562
-910 516 550
-826 -937 619
505 -866 200
106 -358 147
-52 814 885
652 160 6
-640 351 240
615 677 333
651 562 445
-261 812 106
71 -351 62
606 456 205
-559 -13 887
399 913 243
30 829 683
773 974 473
882 556 882
638 920 334
831 -859 909
-253 -810 380
891 -498 453
-689 885 823
283 776 922
148 -146 743
-996 -418 685
-155 618 906
-305 865 706
294 277 469
435 201 825
-871 350 97
-575 -87 24
-593 673 834
-85 -415 2
464 362 192
-512 972 658
-148 430 336
-205 -773 72
519 -157 192
-711 -230 287
196 -217 375
-140 58 1000
-87 -232 599
-377 -277 925
789 973 79
815 819 433
-853 -766 8
475 -718 974
481 -317 148
559 243 533
-833 899 612
858 53 239
-150 -984 406
795 -77 860
-785 711 437
-204 948 976
702 -504 35
-386 -791 828
256 -592 531
-622 -842 547
-744 -786 635
-452 -458 836
984 -47 357
-780 -543 388
807 -454 6
413 717 759
-34 -365 502
-192 743 951
559 -931 485
44 -248 518
-566 795 873
244 -492 983
215 -729 723
450 -388 742
155 -892 867
-495 786 708
-456 562 983
666 80 496
-553 -334 52
161 529 517
