100
-550 77 145
325 -417 961
549 -902 269
-660 333 826
-435 558 718
-714 875 590
682 952 960
-634 -971 908
-621 622 747
-497 -773 714
-859 -881 751
349 740 240
-178 538 190
638 -98 27
-79 850 138
874 -725 586
-434 -685 141
909 -125 449
-700 -204 571
750 731 632
701 -934 194
-722 201 583
891 526 948
-12 105 128
706 509 961
-106 -589 604
13 692 364
518 575 369
-817 488 481
-472 -223 338
333 -185 766
-491 -693 586
845 -343 876
-974 -218 454
416 318 86
-891 -249 248
-476 -768 356
-391 580 901
-178 167 889
-951 -498 164
-457 721 811
-505 -782 799
-921 284 344
595 -613 313
612 -556 613
73 -346 445
731 -378 568
936 424 683
-422 -349 149
-418 -8 854
-805 875 1
-947 -155 155
375 -733 514
-137 -150 359
539 -573 698
-322 485 151
-860 794 822
941 -258 208
-542 222 878
119 -953 392
-116 607 810
-862 -288 259
-116 -592 853
-883 135 12
-152 84 136
-896 -530 767
-508 905 529
835 272 586
371 -678 854
-182 545 50
-34 952 955
854 -235 925
281 541 275
-738 -550 68
563 -494 873
-505 -627 968
-602 29 176
948 203 408
-278 -526 343
531 209 344
233 -482 61
744 534 85
-408 -928 95
-383 758 87
-326 255 989
261 920 763
102 615 751
-841 -165 293
607 887 64
93 835 489
-161 -880 942
726 -174 322
-304 -983 797
-434 -914 234
-17 -898 898
-432 940 384
227 -48 890
502 -770 367
46 476 737
-882 -875 796
