100
799 359 260
116 -154 341
-71 -312 305
-562 -760 16
-683 -225 348
-661 798 616
-306 581 470
347 530 297
-779 767 518
621 -127 767
-50 428 355
353 -439 313
-245 330 709
753 -829 115
314 -885 839
-846 -324 265
599 845 794
57 757 661
877 -326 27
397 -815 7
670 -937 522
486 -409 274
238 135 274
212 -448 533
789 463 758
595 822 826
296 -855 145
-491 222 256
-220 -410 862
389 -303 479
739 936 588
-658 939 188
226 308 714
6 -470 154
36 -761 685
489 -955 35
-445 784 493
564 835 106
-614 998 425
-541 727 253
-493 164 719
-175 -138 645
-415 232 881
-39 -305 130
212 238 118
-567 -250 360
494 497 386
-147 -645 834
737 545 906
865 538 532
-357 310 786
-367 802 911
-932 135 11
-460 -625 741
114 0 519
-192 -332 953
-192 780 640
-71 291 935
277 -719 814
0 -129 95
928 952 822
303 71 852
373 -863 204
378 -704 359
-484 -775 722
-79 931 494
279 809 973
-284 799 59
523 918 172
886 -258 523
-313 924 663
-929 939 916
-78 698 329
-121 254 701
-197 679 578
-334 715 723
256 -398 725
-557 -672 216
-878 191 903
-276 -578 683
-578 107 50
346 180 422
744 522 922
218 -878 978
604 -230 792
974 -79 847
927 -659 221
57 -376 559
-893 -266 818
-772 519 420
-188 -677 186
-70 -254 494
-558 672 274
-816 28 50
-84 886 125
254 674 967
-189 -123 465
-633 -519 275
-624 809 436
263 -668 349
