100
960 -582 1000
-280 -845 1000
-932 213 1000
-553 998 1000
976 -902 1000
536 -124 1000
-2 -805 1000
711 437 1000
918 355 1000
-324 -965 1000
-452 370 1000
-825 431 1000
264 -871 1000
-522 -500 1000
-477 -574 1000
636 -901 1000
-719 -656 1000
86 -522 1000
522 613 1000
452 -555 1000
637 317 1000
774 147 1000
-5 424 1000
-53 -561 1000
-810 588 1000
-617 560 1000
63 -590 1000
419 84 1000
-422 -295 1000
-988 569 1000
-193 803 1000
-888 131 1000
-773 891 1000
440 -422 1000
155 184 1000
-602 -628 1000
-30 -152 1000
737 -213 1000
-162 -539 1000
-8 -720 1000
545 395 1000
-923 -388 1000
75 -647 1000
791 -125 1000
621 -866 1000
191 -380 1000
722 182 1000
323 -411 1000
73 -161 1000
-215 -376 1000
-378 -205 1000
444 381 1000
-415 -610 1000
-890 -431 1000
-187 25 1000
-690 230 1000
-774 -386 1000
-308 -843 1000
-645 679 1000
834 361 1000
426 54 1000
285 -32 1000
432 11 1000
217 621 1000
-425 795 1000
-386 631 1000
-807 -942 1000
900 -80 1000
588 809 1000
-363 -731 1000
-299 541 1000
208 -19 1000
345 -10 1000
907 410 1000
13 932 1000
103 -536 1000
90 714 1000
666 608 1000
147 143 1000
-369 0 1000
472 -376 1000
179 835 1000
-304 -963 1000
780 412 1000
-840 -105 1000
-520 924 1000
169 -796 1000
42 578 1000
121 -179 1000
-898 542 1000
146 982 1000
321 435 1000
-179 -988 1000
107 -974 1000
824 755 1000
-549 538 1000
341 731 1000
-891 686 1000
-707 -4 1000
-583 -444 1000
