100
-137 331 394
516 369 174
-137 102 529
-430 -676 343
922 -522 983
495 136 697
101 882 538
-326 -84 563
648 899 406
-370 -519 540
-501 152 752
-828 741 998
464 -653 336
-559 852 691
-438 -889 576
-58 -727 635
-761 760 205
967 428 217
-140 -448 92
-508 894 403
-223 665 737
157 87 159
-558 139 732
848 -628 676
-430 14 612
-641 510 439
-337 -265 805
810 262 76
-119 428 438
665 -138 880
-418 -930 674
806 -985 235
-536 -845 869
-171 -11 595
-695 127 68
-74 415 407
-716 -29 572
268 -396 220
-59 -973 254
9 -273 33
-659 -690 665
827 218 492
-554 -415 457
-169 -828 286
411 598 10
112 505 642
-449 -286 185
-702 -343 136
507 -606 4
99 -859 162
846 -988 571
855 -807 475
-885 520 184
-766 -18 221
950 -925 652
538 -49 964
494 566 331
504 358 904
-65 -734 943
432 356 132
989 -271 386
536 175 849
214 666 258
766 -233 420
737 -908 800
912 433 523
846 951 238
775 -824 57
872 -405 228
139 -563 618
880 676 945
82 3 207
-994 668 74
-94 307 209
530 153 466
359 -364 130
655 -899 894
-244 311 352
-758 -833 16
823 626 727
709 -168 560
-257 -109 923
-262 -344 879
-694 998 610
104 262 776
-982 881 14
-275 -267 905
364 887 642
267 58 710
-514 473 68
715 482 53
639 814 896
518 507 917
-878 -93 6
789 -261 63
538 -417 93
134 435 693
732 -666 801
-950 -351 611
383 -716 801
