100
316 -973 792
-651 765 538
-744 824 384
-349 -722 370
191 644 657
416 968 985
-595 -947 765
836 638 158
-546 -26 113
299 57 902
97 813 635
-553 925 577
932 668 748
-380 -806 639
-299 433 426
593 994 370
-64 -984 88
966 31 612
923 407 251
-950 458 752
-166 -63 329
-620 420 38
-434 -661 347
137 -529 576
942 614 599
580 963 312
854 88 871
15 370 914
-153 99 486
-205 -967 593
-634 -157 128
-347 977 971
-777 -566 225
-249 373 139
-916 292 332
-69 -514 166
-863 -226 323
80 318 86
153 -172 513
550 733 884
914 -909 731
-146 -927 453
224 652 495
166 -346 764
592 797 66
-7 735 130
906 907 801
-141 429 780
166 540 11
354 680 213
293 -259 23
-928 48 989
695 -969 679
286 -216 894
-871 -167 571
-781 204 741
10 -339 75
314 -153 68
-234 366 854
850 347 735
198 932 328
270 815 629
-389 -297 175
876 -866 702
-384 -740 973
-84 -530 734
425 -131 944
962 241 79
-138 512 436
-432 679 453
-151 -49 29
741 -373 372
761 -797 439
453 -198 544
-756 -531 153
-772 -468 781
-642 -590 854
-749 -688 42
-618 948 199
-633 -941 90
-274 -324 903
670 -981 116
-529 -385 578
-126 758 228
62 389 194
-85 583 982
882 -174 289
-165 195 979
-483 -516 15
334 674 577
692 -604 515
-445 49 192
-511 -301 765
-894 328 237
-250 -354 203
-288 -472 899
902 432 801
-715 580 540
-738 632 560
139 -914 440
