100
-718 -778 846
-747 939 967
-799 18 54
-423 -74 703
368 -825 133
35 -457 42
351 470 755
-799 -260 907
-475 448 481
906 -317 364
-410 -95 725
-79 44 498
-39 328 21
-127 -602 588
157 -307 686
-203 162 101
253 989 212
-588 446 653
-522 -773 268
625 939 660
-858 694 66
766 -719 920
-108 -710 569
-948 54 42
604 583 258
702 999 489
99 780 240
-87 877 526
76 -609 123
38 -186 22
-301 -469 124
121 -77 454
-111 361 985
869 802 547
-711 619 302
-110 -58 632
-632 121 829
943 -369 491
356 -985 835
885 1 753
438 974 337
170 -488 649
-135 46 895
699 351 286
-444 427 811
222 138 981
34 -627 858
-869 -57 761
-152 -47 821
835 427 713
-342 577 471
938 -696 540
119 254 350
-722 995 466
503 -110 979
711 998 386
-910 83 583
673 27 675
18 807 304
476 998 284
-63 -587 61
675 892 821
-315 624 870
868 -84 407
699 118 631
474 476 75
-561 -366 674
262 185 763
681 -835 349
766 -314 713
828 773 110
-816 81 742
-59 -211 316
-777 -147 756
-913 548 621
-833 -213 424
-283 -734 536
-95 123 693
653 -649 370
-675 977 873
191 292 40
-907 625 502
107 -835 340
100 413 93
-239 307 744
-741 736 887
45 -304 440
864 -335 528
77 931 670
182 -143 170
803 945 194
611 -978 781
371 769 508
205 901 953
-221 -716 289
224 137 497
613 734 102
-713 -211 433
-528 -508 535
-1 -52 564
