100
-268 477 623
960 451 153
134 604 335
-211 -740 595
490 994 95
-510 -468 63
277 222 64
836 -811 390
-726 115 902
579 806 782
259 861 424
392 -5 351
564 751 59
97 -886 530
998 -890 37
537 492 329
923 412 617
-745 -49 963
736 -847 81
818 411 166
-617 727 861
-659 422 722
717 -925 608
-108 -518 41
-491 -548 161
-203 -749 582
-836 80 409
727 -910 846
672 -361 595
-763 -337 787
21 109 36
428 -49 792
714 167 918
-319 724 355
-510 869 508
38 11 360
994 988 404
-462 604 159
-283 383 378
828 -664 438
-255 15 45
664 -345 174
-891 -236 558
-167 954 544
495 -17 584
-77 -400 342
182 211 842
571 91 721
-643 -153 500
-593 -535 383
-522 -1000 253
-683 -30 156
-59 -493 59
-880 179 723
-62 -995 793
431 434 78
-177 80 691
634 854 36
-338 -630 682
-545 197 369
871 616 641
151 424 470
748 784 348
996 -707 653
-727 -106 732
904 -385 35
-114 654 264
-417 -366 410
783 -278 114
215 -580 285
729 138 970
-635 -835 761
737 -785 482
-528 887 821
-724 -541 769
793 -838 81
9 -352 262
-538 922 618
797 718 876
241 940 110
-25 637 347
-648 118 478
-765 133 934
713 342 180
949 386 352
910 -430 946
-678 -252 847
515 -173 890
789 -30 856
-579 260 288
509 -428 295
-951 -672 986
-263 587 413
467 -815 808
-404 117 719
-567 -316 837
300 -566 331
964 -146 564
50 572 374
35 -632 125
