100
873 -434 289
-307 488 304
45 667 555
206 449 588
-899 235 345
254 -34 445
-841 -713 705
-749 35 20
-475 -637 839
711 112 208
-845 42 634
532 675 712
-103 658 638
798 79 512
-123 -914 329
850 134 78
782 602 428
-943 864 198
699 473 793
152 287 884
842 163 306
53 457 920
-768 757 1000
-823 -655 444
-315 217 409
-148 -574 132
-973 -76 955
-730 886 150
256 -923 300
-644 -24 81
-282 -913 734
479 208 323
771 717 941
-692 -170 249
-935 -885 29
-672 605 206
-827 -332 142
-534 -519 378
-366 611 700
-805 -23 446
-724 640 583
-217 704 268
590 190 696
502 271 327
-729 195 957
-392 -661 100
466 -623 760
-741 -142 55
925 -3 718
-28 11 335
-19 545 363
747 695 420
474 112 623
-293 273 810
-383 848 679
763 -508 491
504 -352 974
250 -63 29
-977 923 44
476 -804 477
843 133 594
841 -73 872
591 801 851
-452 -330 994
-126 307 172
521 -942 189
-119 -726 471
-292 -447 264
-38 -681 658
345 -246 5
501 229 38
-997 -678 749
1 241 735
41 523 150
218 -684 899
-396 456 552
17 5 297
106 -601 569
675 157 51
307 -461 527
927 27 352
855 577 305
-356 -814 571
133 52 338
-192 -185 655
483 504 303
88 682 451
306 180 29
943 781 986
-260 71 907
-363 -190 553
-635 -190 139
-114 189 619
3 316 349
-625 -641 996
-124 293 271
-44 430 954
668 709 305
-900 -727 891
-615 -18 172
